28 20 23
583406516 124378235 378046568 295367530 569045623 184457616 646058712 626690570 820947735 243588121 785644798 559278949 996577883 961748896 366639313 19619349 760566951 486613622 10252706 637466000 158409575 678304459 928638726 970949495 5567791 47773862 436402527 37518064 286937314 573699701 881092162 373311234 341822808 542034733 438929740 230699714 196518994 231186551 858299115 435476264 969301805 116755474 225767693 479397439 958044031 750003792 635896745 228129146 776495524 903023265 420422687 461172001 172513520 966692606 942616968
810895468 700124784 565982091 265144709 291107756 789341797 274636865 312476049 788190243 77981439 707005324 482906303 325330860 501027634 734689726 937185463 425925080 422849859 834852079 975948861 127130570 282948621 239730165 935029292 967938617 338935270 384434656 867423187
279604872 387266582 863590454 679386962 678243969 554339303 160742975 172926643 591988946 714502234 712963557 295633349 177111838 11387351 699755714 75094057 132098535 638687908 361922106 29836576 89343916 294263945 219496121 917060431 410040293 433443584 626297830 470994754
962514425 652331677 101355191 936942155 688121640 737535536 951501568 119755990 621460763 632524310 684421408 680461734 391118660 194559905 928622806 101653816 802089166 939302823 522512603 551668637 721822721 208132728 290802336 485976524 670140693 234277472 520484369 857105716
302070729 537386443 273396546 109981257 130121012 878458262 96137731 299178390 301365789 127001735 30061986 173640789 794935354 442241019 122271940 736799172 564535396 629152176 99840486 456542864 515865752 735912725 180788920 574291321 415203350 488731737 332349521 520626204
493734447 469270901 448495138 639355920 887648450 101848957 275284282 509509994 423137821 253685823 482362705 929273218 660745125 525121183 71348861 611057851 153863931 525117963 755346102 286458131 613586741 473955081 20514910 886213391 756873800 435602802 454311283 22328624
373115096 762060677 611390255 395084811 505779461 282972413 381824347 324576251 569165680 202626450 45951337 674758196 601169624 503861488 856531067 274956992 102392105 416498486 105044517 37343472 206577450 335489408 27041938 391317 629259766 544030635 303422179 560034197
863948011 384695636 270083317 122188565 37730994 156982268 832098454 213716601 1912808 246998546 268741924 937356168 537587176 284054524 195852307 266932890 223179455 648461144 730278478 984770515 356507190 312861340 774612709 817749035 961588430 395927113 33854964 602490901
989600017 639776259 795922595 845182183 813099965 169914939 545622847 692117981 903443377 211880275 393494080 526392849 412435177 262927304 416663425 586200771 594472744 830475495 976989159 337636554 523945694 982786085 657918039 33880258 265546768 690590934 461072854 503502877
830596639 364463805 96226622 282128472 866671225 110859664 139478757 215438637 58583846 743289963 996962161 151011628 227160811 277793644 522942419 480369207 134945350 584856862 963084088 408565170 54537919 842988997 114210330 275716656 755798909 395781256 581189902 456346868
449578222 138372792 477662715 238707636 96768395 157287626 868160154 778889460 184576082 157367318 18437448 717339040 975190785 238410486 694658896 923535282 704943993 880447865 379542113 639361796 705222724 884014894 598388268 755068124 49702886 620500483 436509063 502928429
285685447 504506808 346529016 82369577 927667801 392436074 66470158 730279404 688967199 695726517 582442130 883868390 103887291 988435307 930699354 73657659 457779063 901550032 123691128 938951743 55259555 889999598 692987807 999901536 183461963 73148693 25489 852310864
726658546 327687520 48175177 145150924 407100558 951637336 632333273 160917793 5232384 948846081 482809253 503268344 842094537 928200167 531815594 771256491 567095366 21395910 318144700 87254740 291458631 266473469 302670302 731381703 637114085 693463152 545555378 618703
588838361 855137924 252824968 778346098 8316519 996756697 384701474 967407696 119817298 918324122 132526380 427082548 410731175 478259843 315006348 371243911 777946872 358049606 31416064 270944501 146949717 302791881 608362110 865929340 825247292 758105778 333793920 232203389
562239773 627290615 896859661 965144291 475522712 27419765 967114669 693720201 74787101 470642841 364969894 619565144 412973964 852911423 645887862 453662648 268545146 730783232 819685224 449731399 214261311 839767043 32515375 404378940 925358410 768270650 511138886 262498483
416605755 874054190 557990756 129369063 816256792 238429704 888733973 253169618 209525335 273917337 912525366 922976234 80503069 264804888 849714564 97145330 486835523 930627755 710733126 599426634 53953631 30065089 203684045 724971971 871956483 736842447 648321468 697505563
303926774 831708714 455191467 493469507 241467711 965706164 799148363 73334457 671158961 79874050 755654349 771050894 197191719 770999645 400177803 494876514 742100706 217469082 412928788 115200347 646888919 390652872 507848392 234138751 810207766 731731500 374068049 358608399
534609693 573595857 889589406 333527456 53488357 188693264 654697982 683555827 494919585 142934981 968457214 920211460 880309097 295241412 510513055 970813935 327377658 573137328 51182995 165523458 59729642 559446503 32728199 732847518 329355535 521987537 391927419 681981375
317646929 396211248 720279753 793783423 187316798 141078537 856562158 25485263 224815945 544560082 826586793 71387605 141465495 940578913 631890551 244934888 971019453 927637847 332078569 911492150 432472862 634548294 511128737 884104191 649678081 872166868 376141734 190571254
377335864 264761268 916400319 926841259 596600654 681739532 378458023 360043675 878404212 560397248 464081969 118527322 16333683 43112037 327826271 935006190 964329592 292425736 184517379 322692077 213364861 867173108 850769167 214212650 122750818 549940948 912089189 793333262
242937025 416507475 302040817 638210898 474228740 120387430 414432307 832136193 121119977 470787385 827074759 648247030 820390810 870100955 82448190 756738580 883181476 585528833 881363819 259556693 63604809 634907534 583406516 220682196 582404665 578227859 807281822 631353146
404637515 209205248 572281470 86557969 141108806 390457054 926777935 672575303 512162233 891630003 127696218 86658386 826913631 800313496 97110109 936310145 597528702 624719981 247770413 242531650 968026397 114065241 143406171 507870673 596254043 505588081 340341580 414364471
549150340 69321367 690555108 715214317 953417874 943229163 387580854 131019493 965078518 542587211 363757214 910530849 293327309 177465643 488276136 519599069 770703445 836907340 106070942 679213856 380619139 42564410 575209065 484644060 341497020 15967304 806528534 66595184
574473896 404120032 217802482 262004704 580008301 111696139 379459133 549407265 754483221 840077098 993972275 177678211 983596154 301976752 457504792 53519182 191545169 807799932 71553883 454522908 673226852 368298827 517034423 884935012 203336729 599233678 944450760 946934575
752893406 954639175 467700329 164453847 821549921 599457579 581547554 810918537 747967002 452864185 323135504 767492914 262128856 865183305 318564466 232494280 182518594 747675131 701925379 128175639 273250343 260598244 549489705 680220552 64181552 219687496 154061710 229433709
421599129 271630350 121061193 251368593 245650851 10984668 211279050 794573905 722822188 707811304 829993549 333029896 37052033 965522653 296140232 600600024 258780929 236234735 357958390 144898761 246634624 55769592 869268909 295908121 876752877 194064736 3124192 589929278
909526138 879682004 451697933 681600585 539244933 293719962 523779032 484920402 823602531 259471620 801210197 53149061 531236422 950775947 162186263 488452437 225468902 763609697 784552306 688163600 279381280 214800448 541697508 626286875 977424744 704417284 329191819 990201474
133371559 530085771 686555147 435789269 30624245 513245810 571126803 348859860 455430557 342381606 312269703 581060630 346750952 898194714 577125788 74518434 860131379 703911321 15451252 368437156 68211732 264766370 173052976 202755248 471291864 269937075 477035560 531513976
762841239 415550073 817247767 412867416 3737669 428705915 612758573 254156628 914615573 755850034 83121510 308075717 100505310 546985375 646768672 613752925 222462430 823218618 706310760 794587657 558367255 516707684 862681524 954123354 452313603 766848214 866031657 487828363
