54 1 34
993037542 565710322 431416259 68642773 887745390 639115642 359707323 511396397 413358410 278248318 172222295 398658756 499741310 952493079 533998047 450337727 770039756 262448758 968193639 265242246 351976879 254919329 339451899 213793033 18986514 795446251 584126078 765574238 717424612 929656322 146451231 328283495 80990986 39783011 310857135 596266241 274785218 291671066 957240680 648268238 649141909 192305817 309504249 508924806 187485429 543003610 841971042 785713961 670586625 652587400 302264184 358163796 741559117 322649283 726855594 762316283 140899742 632759147 127186682 359590929 218089237 4673105 538288686 719752440 413118421 7582960 735156999 399474663 453334333 980799582 950202685 327341477 49052299 527532313 536195065 515594738 590698262 548459106 162309008 587968926 467373236 773791983 702441172 799271790 69702311 991575105 953600766 617945789 309160164 537282740 860130863 345108629 59008301 281687420 51898816 797859257 226922810 299218603 654890314 294235888 983753876 630475388 286430692 620476067 351188987 341589873 693401212
790264985 38844161 169664864 980341146 256570588 18125471 59000192 944346556 864227266 731594709 158106714 920564374 746011408 394377355 257392220 125767203 363008229 500717785 760417876 381972173 301272294 421202777 282731535 369732197 245467819 921095568 221584688 939022238 381358690 856433648 336479332 239864484 328176821 993037542 780205851 549079302 451473309 248448680 619709610 489128925 902670201 450837699 525726948 84781894 495109713 606332974 857961724 386508885 471697412 611620208 338395217 998813293 745204501 693176848
483815444 434973266 834177969 927255508 869328472 70694094 526408934 900669981 20132712 210142653 150665435 573311021 184892441 659329418 842859431 741402569 906339785 772108785 18662946 307752812 569067775 531486177 162875578 952478501 918649656 107240649 957598348 124792181 424528927 50912724 79014901 503221549 779058819 902460887 989457693 595916494 317635922 431063660 990670769 539079121 249503781 192426842 583785914 536947434 379891371 84084693 252608434 332984383 334183866 176679407 885764754 672328796 341737192 415421805
971528593 511687920 360967774 934345861 474109092 839482576 79672666 813072525 974389813 899460699 854861126 292538243 509433383 152632041 123910416 726269814 528799627 418530624 403886166 16534349 901946043 279200701 996414318 795756696 99151312 308391702 68945522 44430187 483909394 959860772 63792091 273864082 170053746 883461074 536791902 606681280 516438428 936830188 535200285 46223345 537203131 66256885 509451301 905968050 87749041 611582882 496378916 248867377 835101546 810781065 637094478 482237592 743488266 774074974
274475294 728275307 91193216 655845260 9583353 60569183 357669298 809287220 696321645 896883383 407795196 465599747 372940566 60091084 664168097 757203682 324625633 639364290 478495041 334726433 588910181 882339271 33168440 859749358 462786838 959385743 933304385 958399685 413512439 16146844 959497267 718509937 982070445 373753922 661913255 417089715 975752088 556293596 3026966 154495939 269511595 267826467 535812873 550371485 355412833 348833427 980330368 261814189 734879758 630175829 338031418 528206013 342205378 2730960
649464079 381569473 753851985 241705164 365110594 993848511 63415226 918342761 184922084 688711836 924142318 542833210 782607961 116255575 896696400 777145129 618328391 428558319 359498248 939033454 959875241 920810077 138249760 360390840 105442893 338389589 368943035 492204317 792136198 658952529 588155465 663002714 519917966 614112456 973610936 130476412 422983057 996037456 846253955 623937919 4917933 107635007 840681706 909412625 166944221 760572126 704038372 495993344 900328474 171579491 704108720 210415143 621505983 584504208
590579413 662735217 806825021 345950939 395975866 435650297 250765218 598175119 694204235 558722238 675057863 124812426 569170383 776861263 501306445 630471535 167992482 891748164 759745448 736089179 835911571 987468311 363739971 493422478 929231383 649075013 608441862 711022855 437905155 30671805 292508497 361886933 139498742 815883671 293139275 383466638 200489929 64878496 500367255 983793639 748607656 626551756 841711607 228344842 106586414 72152282 693762193 270487905 220291531 799914135 726869416 75977383 852763782 946457157
774684768 476823515 574784739 173208415 949831181 955690085 246227357 345866922 168635306 659006442 929316410 943280977 59803652 395470378 448817762 242732563 450860342 794287032 941906319 182685025 399739463 805450732 611324994 157464245 538249121 186120511 514124038 508209776 987344318 502788613 502232554 640296170 183696872 464332612 73435184 454269804 294227772 993029414 474407661 796590858 265293589 714144442 25569417 485245361 357010607 434564626 965375110 700031252 181535078 36595534 718341795 627123771 4040416 657127605
727544321 493408876 477816433 32740670 360733428 484303144 952011215 498099098 640597333 846954459 281199590 419140774 487929301 865156677 474639111 435089906 747953294 682186938 539062622 814700114 133892257 178316172 718244194 336137354 483308841 978638337 514881272 354753955 762165014 613254328 503000486 558208275 90950473 229348639 910467152 236259962 182464480 816628679 592204884 543243580 428743090 707225466 116873504 746689992 428393425 732667057 355922331 347229438 968736619 926563074 931116061 482954359 272806179 188900714
931169346 290989522 967906046 444598320 129389803 326396578 950431050 740263490 739093929 235665334 289833176 175580986 617556183 279267894 989982009 311819390 163061428 482328685 708710551 548375554 258171667 160374784 517070800 556088912 129293295 703432784 260077562 850778139 232601825 424150463 459987940 237114971 660373660 307902672 873869398 437589591 752524538 692942063 504384389 697060873 673938068 726141339 432384375 797509492 869898606 933061169 505033405 830749927 242437757 345289920 862766810 409119482 378822992 367853729
406089105 352888363 713715492 359023951 103571072 831228720 141437714 532930375 242234545 722513769 789575426 244660980 612488666 705336274 888239667 78129397 192095416 742443180 568329931 753867621 328832748 275530546 231128933 256426769 534299542 269452728 530262489 915951380 198618251 900133374 251708443 903844882 863697808 521501226 398395865 172718554 939721102 557792104 695824688 707405587 230564751 999059022 600878057 913585075 570462722 649111818 828532510 681475716 846815592 764723419 353024796 668454494 121070555 871131813
641969175 45179775 280689812 824040347 64580886 238720886 41841374 379520031 909927710 422718298 354033183 558272005 318092610 633586672 684821736 630060873 976476197 339959061 346123534 387660503 452918924 704357543 594992065 999992601 674804221 409312371 805835580 8607462 988741605 916661754 510277788 952626253 798499931 902792125 611846078 682920263 244444112 448055245 748053546 70117873 721251823 988602413 180054471 468595499 147610656 131611809 66712237 670946859 95677043 47589880 677756337 417565213 800524322 647732987
575274866 861962298 466487438 385610745 164729366 210413362 575557394 369152915 973477545 880896108 97559710 149281537 58207181 373359377 561351978 280208746 948409654 553948336 545392307 51771448 472074267 538127555 31317033 155940542 8014184 628610364 473259269 851469556 517511071 237770246 741015512 155042146 731443051 182232120 544215084 666268008 418592558 257357089 851706840 773522576 235183639 771725281 992196970 457850517 910451515 356515209 704371747 865007025 532071683 51315877 129593074 824995412 857578478 586509702
197004829 426880487 999157056 920718471 616117273 304160081 973423786 339069087 811877414 818370162 871709307 674460795 116480684 941798400 291802190 166500791 555743054 12869872 261895925 275172804 476686238 153462969 807727441 426389498 302168489 678489337 77876084 670745658 563162637 407528012 995597897 238224952 717954634 895709775 794427596 56860347 785526856 531647957 665492413 374336974 181901823 191747105 982065167 210973573 121232781 109829399 318686657 395014883 733027203 201032460 257052888 141782021 945669651 621868327
316853698 465283511 143135348 607873455 517404061 267744501 746915533 23765559 145926636 554244122 693657226 968382104 707734030 811809670 893511950 40850002 846116499 945649273 850830851 401517230 457655224 89199356 516731003 358035827 650865185 181610909 694858557 915768139 747439238 393035269 845527261 601925030 59038009 779976443 689963816 494571707 59980752 520949144 707585582 358375373 640479529 648472582 178267035 836112024 257992041 435912693 739291736 392908807 471971220 622359273 944079147 426765425 726901815 831341449
899536191 393895536 406345550 72770850 154802004 297605730 730111186 971855440 669273720 257771947 660811923 131758591 102272402 73766663 233423376 434340375 224701801 337941164 82037433 464573885 384969994 234465870 46532982 887591750 784054024 408561881 739293500 214729207 453884984 589091080 778983187 446709349 19273095 610221105 855360506 918902658 689466818 17186919 808100840 7112651 152991835 91881921 100864485 515313239 343407423 194943330 554926608 442385283 760933646 897759091 495545823 763691035 583714067 49319786
125302899 760889229 107821964 416337539 164274316 976654652 866533217 845822806 955467155 22573245 137528591 529761494 305223203 323565929 594033459 327576453 344138356 397122567 491260598 897745683 936147644 655172011 543928742 264289701 72200120 840482932 161212335 333442767 402798420 357227735 581725535 934927478 534715188 679456291 457799333 293358570 567084607 185109118 332457839 476240306 317306207 235885037 5569238 396194928 409375603 707213847 900186051 246379769 433629765 402633893 681178073 272653544 82767251 11859224
214201746 992071173 72545733 389335338 818296318 882620287 33994354 706253948 321153765 895321775 553299485 250454962 965571945 733469054 863023188 968281130 321312693 20558190 8584496 198005899 808789952 158423166 800793142 907326778 867605574 143014824 65014636 718293350 653027902 662965237 816045224 942118678 943553134 910096864 341542286 824379015 215207035 912600126 340725602 87677805 730349872 287300037 648217889 961751975 684457969 161642596 867696964 554475079 52106041 952637191 892202716 243533967 656686347 559226786
959456243 689772666 24906541 188008180 112180815 652547621 274219319 965242205 938799473 227492539 765855258 206041795 457647702 310883701 983031125 136407102 553262226 255464719 156083572 669482001 6678568 793207954 343149585 630516200 838397868 867478801 541360534 832679791 960756046 56542109 142211583 8178247 578419484 283400556 155610605 910059210 94561464 597831668 813334233 350407833 578127816 630841212 141583902 576460736 224008283 400160982 772049967 111487839 417427909 169273938 944438226 72436687 54530087 564168542
617534122 176975205 914336433 987591002 255918754 951117277 297745195 821734184 622025008 555266060 186609312 608560237 694756581 810145874 990562513 201354279 343034107 933909477 182636393 543747958 943937311 808100780 57589359 702770729 914875614 66493781 451611183 119190128 857847152 187553970 403494385 590552717 625275156 704545208 640350624 533928574 78752337 767908862 623590406 494205307 253903838 762895223 511495803 341843254 246711343 245922641 405847523 150925519 323425554 273290534 608924824 134139642 318991558 299962040
665889788 576378399 751946479 920422231 254383226 833777382 526933630 388703089 529748944 992961451 376907226 995698848 458268521 876193529 585715627 511918488 643071342 491390568 528938221 711899200 481745786 211833728 824500916 228036125 537954769 360699669 664267222 471790345 380358366 271787139 311382528 610134020 354462047 78883088 398987345 454660648 436973849 492068717 279978847 648689099 969467402 153547326 774594036 703934061 650667353 496193107 556443965 993373973 83814186 148171967 33102741 430488560 400565883 840664942
916057537 772801098 870042783 42519966 955570857 839634851 470362515 242378204 730476823 277004067 601906391 682438139 518647575 711536801 985519147 455778599 888110645 205097705 993294265 939409490 493668535 349182939 235384006 257791044 859928369 894515074 86683597 833531642 152842403 720848072 796713021 854019134 226743656 665980874 337545375 667389955 362301326 419873452 45375921 187134363 548777370 998987440 518083061 114920557 508926784 829544986 620477538 340955508 697138694 804699172 762772740 964743464 188930896 841438015
486706261 25305604 690552852 937024035 13842783 248485286 137489786 285599713 443992162 258969249 904489499 639810163 171679414 705004838 913579433 599470725 278264798 672429640 744181675 875708375 572431775 76059272 197393478 887902320 136613532 446690762 153251554 111524161 971858343 601977947 33408465 402968727 340551683 649855643 911165203 256803835 23021153 14529487 492844694 894318516 553526988 982197238 872161288 883722277 969211888 57486386 991117080 43075819 464249021 795880088 544931109 493836168 134943249 525647512
377782340 729478019 608737389 864059922 297850426 869103749 962168386 320644322 551118341 935635243 285230262 83687353 81396689 40108795 272648687 644489895 83974184 803805072 682984733 252789401 69587921 587351144 38972099 991299605 291574611 970299727 69758893 757335353 758535267 7180535 271417577 475468600 829410527 200875081 939764889 246001624 907665393 513611630 673418957 917662774 285283238 691081299 789001249 180873309 378295445 613783738 98985419 956237128 859104878 976426339 946385192 413273475 542621730 147655244
249757575 236516920 686948558 184912816 273388410 374804270 429188683 278985862 633858335 760365043 776981571 951634131 792484454 553700801 106497770 825777562 429294386 528469743 548768397 729209096 333359707 296626700 72091133 389612120 280075223 103332601 469285089 839100171 678802452 468875877 196665877 218896645 430635070 609772298 174528709 225155668 856131584 141521548 700103169 303235534 357356373 455221819 948972536 908842495 923949528 334716315 540562130 21855007 839540829 498631254 430095303 942482005 243644428 293083503
745657112 17711913 776007657 492049248 545619141 667466169 583735626 737264077 649378122 16553412 915913030 14772302 487615131 734929110 446297356 991415867 74938215 527021452 266670075 823703910 1982520 188499050 61796504 154049634 485241777 499716042 220883899 891601471 124593404 571666888 653693091 737767891 391455483 24690488 809475772 867091064 514624126 208251107 869604634 891298864 649297428 644634073 233626211 55577931 382976625 226576277 817445358 455734286 209349970 60400477 66866254 792095560 238359527 455425808
144662244 140086565 975101069 232711110 976788661 732845427 871498993 463991907 893274046 564004468 806848838 211768344 603435048 296824408 802741820 252516435 660297685 476800695 542521843 149135543 86752900 29173398 413539354 5965667 955633781 40868208 276781424 958639411 991726629 316498044 931074928 574695332 202281148 552294661 102292845 85187916 529445966 366190890 150366416 457443224 589580293 583590542 982645167 390784741 541763774 554755206 34956796 127378597 526091132 753543188 412273027 633266716 236222990 200996102
536800024 490328537 540666685 634673610 530493733 84545525 245800514 157140073 521973169 481335185 599255805 254969770 217295451 926633241 822067459 831794145 383662054 144318518 557028356 191724006 349025530 640402367 558206818 847150576 105190359 841543048 524230798 527403813 820921661 731175719 840368925 670978102 494235885 598899208 244257917 755054991 404633176 713750406 561187907 427696196 513385268 102787794 534978401 311384043 12453131 631849965 813274420 408236685 132875850 353237778 365002358 908730745 419843559 419683549
805701640 836474025 742072823 111006848 569786629 571044100 59034861 48753558 903928635 542049772 4866504 852258918 319097706 286711402 858810701 694560475 813956136 792219697 546653248 439420138 565582732 193942000 218090381 763150310 280520242 934919979 844289040 46123882 236566969 939806950 511055769 386505360 659374114 809040667 95210168 850693480 691706027 481416007 316415728 960627907 29093249 138634327 814940467 800260949 753806794 710808549 246805365 295418257 137598461 372220682 729993786 908056927 93395938 352674850
329333666 223470070 977597312 954788202 792300417 212473435 417560450 171218671 476728487 901693691 297557761 27418991 798372021 601492322 37692917 669610739 771270674 249577815 73295839 996204515 682789737 279420797 395267240 745915839 108495643 951308974 464452227 51626792 697422794 582157985 328082035 769023842 812823823 484345495 192408822 287921275 228945071 240243070 776876985 384251717 728902295 702355084 898852898 579999173 703001801 906070954 127025087 292338402 275344740 712391416 239134056 557652798 367935947 645718813
412370973 453961336 357454702 80182898 321846413 206682192 839662878 38676875 338251517 946634035 274142786 101092406 891398540 686584399 4498324 559413445 350346918 148065004 192418440 390200989 793844428 145772782 134345320 753682160 3167549 293016343 729831697 726450269 91924882 145928896 800225243 917598138 921949155 122532985 351844279 842452254 163478499 593689573 467567512 614012204 648859703 312149764 97726685 521025981 580120425 930433962 679030890 895472269 450014635 509320998 795430073 584797178 577176158 48819610
46565340 948066968 822161719 137254529 273123801 157046383 324733848 179261475 598886383 627736121 680387486 805311509 486378801 504775537 191076637 637846349 528771961 653021147 372242978 542859020 570000459 372922485 997705653 468073924 126144775 998600067 981846579 223735519 786091073 535755881 976789737 135226944 246935145 154787036 861838299 598005209 212070132 51310924 940987340 820404813 753267732 758367831 125387585 456114092 809244327 695419381 901607225 136871629 350637140 353092607 650490917 241884903 325226436 982611374
162547548 990622947 29197606 809861694 836636755 856564466 686079360 215639843 305269067 869011274 175265514 226809814 138807356 237859643 253177996 94781849 506412058 865564282 808564124 507751629 471106588 738166872 45937846 370120448 153300434 874568514 23809862 703483068 771494407 299038953 332224505 987418991 239164211 597422889 341110526 41246084 202505737 730198953 363500770 496009932 492478654 150514533 961834497 888614623 997636238 405103999 286643465 627733627 955105654 865429318 281634047 830321006 24438493 357593588
78633516 155607105 173206971 617776397 556925267 287939953 2539624 902582389 474542850 415816123 879931835 77876519 110107032 531084682 98480861 100382260 865457906 8532048 346597231 995226042 262213464 109068942 291889566 122263472 273416697 279034405 600925586 128878227 670299828 466396131 983441169 717922486 564600487 420264343 924400943 586808300 743170841 55333192 174403680 283716067 47931571 673348761 773513370 798218887 711363086 733941334 505881649 196120894 711320971 379872974 378831013 407383671 293545482 974116841
904717848 722509144 700571010 521301485 631593142 517699039 908075858 786913161 452343938 759659402 103304572 982710987 509454094 542284309 220029746 812010692 552173982 126782846 971291146 12868976 168735532 505016931 831362009 591587269 733369862 965427116 864088869 963230467 37416030 915334116 287789166 856389728 779073725 789363296 756312024 652482251 626260159 204779737 280718452 511640708 614507277 427868500 648085968 787750218 906621089 293308652 662464250 211183439 452591925 312589157 798747458 516183483 239648358 251118699
640858525 889731905 715063630 588461343 642834418 852053645 568620915 596754067 224660204 495017621 288089735 59366054 688657052 672299490 215196461 295150004 226724435 650673823 802880844 970371537 163552262 755642821 953842441 787403581 311182458 106717004 460708852 698236927 974463943 925736418 571261929 216100570 727049954 283216553 315894211 950944287 749314625 596824699 274048290 856969370 561211289 202122799 825089006 341687165 563195223 92130036 667764790 196671137 970139959 608491772 386572019 689304777 392262792 740375041
769825808 211169949 300167900 568355520 119136381 558985323 468408121 594287251 622066584 196324591 909193700 623026196 643769831 729928934 325718394 6029482 490028503 660433695 242317917 345395462 246472282 439969607 267274160 378592370 472040884 255641355 286551873 160000099 722601505 97675343 844771805 74799126 63889506 737647021 641523989 386011741 581408943 396843683 226648285 416075508 546078474 286291188 991182002 266814083 282238623 335849093 736219226 560235062 38221566 919084887 108466728 517232364 9929464 872151376
632785473 231245764 775078791 276108050 210571460 778933185 169857795 333988519 906933556 964884596 978529203 132715226 511107689 346845766 466311025 219402902 909279194 526946470 74936847 63469296 172255556 38639301 263232672 23637250 36885221 455997574 757896582 479173152 907348306 771330165 657874145 477241443 891649051 387519318 53058455 632369185 499713368 373318596 504460149 11509487 929503298 420898422 102731472 848526043 505960836 273972073 545957933 297435242 370384470 261777761 876148801 637700663 379010010 550062673
347455199 93096263 256986901 75367938 168364854 303637969 939762016 883752157 958021146 862897855 270816139 605050102 207712138 332256257 422988620 670468748 698851590 597738066 994374971 275716839 241005830 734230517 247823255 940521374 13618543 715912464 700232897 362379414 23938824 448110830 962779039 75667957 687863315 377966243 324416349 48621717 229610958 953591236 373648269 299185801 537642196 91447210 47204286 297983675 957337648 900248027 875529746 193900095 971830239 477557667 958284500 762582741 775867472 767633337
649498868 430680340 859854616 605296043 487410314 838524440 320108904 454426268 45978676 456391563 811164168 281117998 568524752 285283647 971152859 107578871 496711298 347093338 634203370 875488165 161350445 95026635 461536596 945468517 183589230 439941818 13162911 482859388 111502019 259311863 750830783 379368292 950652837 435215654 65775865 7234493 876426656 135671127 580241294 420452760 492232228 331817761 42232523 998029631 287162998 694352531 6798704 156958599 496452262 538225437 456831932 366756397 362680331 371710934
362773005 84865508 848416099 7472071 488156180 66280437 135891471 466144454 232365363 470021329 372074770 637867045 514251877 619245443 773834173 433206841 904406083 923042221 334089254 11529284 905491167 718570230 383423627 49628685 580209889 604938203 724960566 703390928 345628515 761866893 813004766 674350311 4121461 460682622 427395610 873760980 370448126 67270263 395282036 10317108 131644549 127854251 827700557 431802464 393393621 166460961 665771339 314624187 56459376 9484978 317928860 536827750 226806303 184636953
822116609 969902927 913403159 768067608 981449896 940981316 74357756 434406741 886137852 182475713 87147403 187711436 942876484 702478172 284867445 253825881 661079947 124711403 828227490 418555676 717689420 400470054 967739729 309387496 785881550 450847039 901385093 816896319 17827741 712372454 538176476 292742860 430913883 596371493 986303589 985205545 376658885 480724959 267089297 133517000 216697491 319726843 439198367 927380823 961774386 3075063 109351460 957447927 587071220 571017269 800801234 616780099 61474019 190891618
749834603 772107287 106421710 232523017 293517788 884554238 482791351 137399552 360781579 52197017 302592192 661824284 165982749 842283714 422688367 723707341 936444004 964652121 913545800 476403181 402981851 880174445 109469409 821119563 693486800 922769942 526685516 459241421 813691589 148497241 529808454 589778247 340036249 682276996 80364631 489610076 451888313 505083562 117839581 996764098 176590645 257222331 300419571 356405708 507649249 441143326 731697529 442918843 972963254 67747451 159442160 766001242 100048183 638774788
234986474 921491519 378542581 641345346 493820076 443853768 765196737 977608166 393223 306142957 255230946 347990874 517104930 650749281 248917343 487396292 957006713 582241545 815209637 10638651 644081964 176798124 680277235 407423929 944121759 545295358 714015944 253673433 88019096 888810215 359539217 202027389 192230534 655664437 199691366 864413371 869977059 157771281 608603265 375422609 550089084 258320284 999291726 415828014 915396916 109282482 650943496 579898893 155544104 456011273 980496647 442297544 420094782 656141073
91197307 494763580 962677822 540477357 274776598 111067040 976977328 883032741 188980795 440931873 588034364 407559414 418368316 956744574 158903720 362328733 237350370 390517642 915996583 483328548 602342199 687824618 529689822 603329732 182746442 886819239 746317736 285656883 522817157 692482894 695929905 867330947 728647316 737058885 928679958 690290058 193617326 675416608 243741483 329390352 529938256 161915184 12109315 797384000 327956232 618435135 959478776 891890201 809061045 993622848 108261283 957481496 898334193 550912304
232944781 859860437 405364897 290550867 187110081 28557296 419404296 554610083 791453244 143672789 468307332 242849992 836691127 899969429 853354584 128578523 316274440 256707683 788061207 613479889 500362257 254374988 844511940 506746859 114252004 192315773 696103429 159797791 72336029 99353743 753532630 70528191 289367793 172771059 155290985 950153324 414962160 582884895 849731190 937795847 461269830 8504783 700698193 554874954 217714518 53644412 522313417 841605452 424248130 891261928 295613573 422620709 448702140 114551190
96250851 901821964 619248541 412424698 770080008 688382145 867321386 678981193 665564952 154394380 373645818 592052493 244678127 729907595 773646739 137274110 940830386 751337164 248799099 525049596 847339184 121275539 683098445 448421268 57553962 634854685 439330211 695507791 427940539 741469586 993920740 648258923 695692618 236857441 641104007 976681413 187528501 558754184 495909412 808237813 595084813 909246352 523669027 303265517 219821433 46831831 699884224 929315837 354483503 409229936 460903467 477709841 1221455 914291256
565971206 458418907 639193057 249346053 315401920 189793615 756039759 216396351 928997383 783679916 981297556 667880266 29512197 879950502 413559624 538289812 334610142 803851442 632061314 463082733 768533739 879287172 471524229 710735318 750603871 594776289 958730670 689166909 402194369 602670324 712793286 620625147 338569968 73786010 873853646 994993568 950874416 19820199 803281634 900822333 300147150 523373633 614083942 47711784 508919695 12690080 356301819 615213424 228364840 688989419 463817783 977129914 2417404 26137307
491099309 923631900 902962389 507213663 336531857 397776448 373440493 522674003 310716859 148310247 856203696 510489304 447392127 685328324 49180672 159306768 100149790 76362758 553112106 640510958 154971952 354497886 358453558 231431199 724846310 876234284 843556866 821245384 725715038 629425143 978194582 581789563 168920516 503457000 291278803 810020780 283427688 320422385 720852592 906006901 57754303 936526799 724074797 811807662 407416578 401328052 167767614 614409481 777912106 345592691 367101616 540235082 879111035 75110402
48240538 4309487 974647780 287111866 929861560 221696186 703889196 476474019 859134334 542992027 811126641 957517553 736723 600080661 521387436 128297206 281429527 239287930 185006403 106666566 457183497 340117002 213827407 762434130 310265904 641657217 283798217 932651931 858133519 133780330 853029121 915272768 803421910 939028176 287467668 357130080 120582829 479758145 510169331 140656009 233853718 95802600 141808111 760474265 688900331 494346831 501580028 982137805 803979437 151259698 176603363 25895771 140136339 568000700
898968672 555198395 347863630 841013109 530721125 709543298 210387626 289436459 458979453 911536946 635045642 634577331 4545988 808561852 31829186 411275133 994359846 972473147 602674152 276762683 83404320 921397945 196743483 527494105 154075255 61926207 579404252 83462789 752233457 164770611 436252596 636033225 419397116 110347436 546865142 584991512 684787775 596201572 532476025 529796358 291183106 236945010 197077641 187310679 591045803 345417040 153517696 548560305 769506478 374040022 254848181 936174618 176643359 246098531
922476777 983131304 222572056 701573903 187356431 576878114 689028489 385788382 43751166 546044527 797022340 40135443 816103905 723250186 539076784 542184623 549320537 875409056 343043320 592842889 414067145 945558670 732877944 369668115 820856886 856009770 130368618 29768437 190815791 978185459 132848616 227933465 835104636 737776937 822346263 835089774 476055820 616351532 171891962 917949829 465014911 579985217 220506533 956217876 351097208 349077486 490720970 499160659 122160931 771533152 305309242 465015251 370079092 63512025
603201692 654457662 701719075 43518468 758660334 730871987 781438448 536643306 712418373 718507439 245799028 214766692 926887656 229602778 139994283 404323634 426769652 130666046 745074879 421280316 195354273 553273500 295421059 997803089 608102755 221802711 937946014 649159132 226898983 299167305 464339070 115867069 195260709 822128537 210722141 17146967 262693340 789896585 202726287 873332222 744706541 446786334 995254925 262428804 52310330 661646318 895895254 389690811 172396917 169223588 796813704 269431386 430936345 175134085
3630154 360119045 316169434 149954983 998644259 226680942 277742530 62035262 281958695 832278640 982534836 894867464 693751947 621256014 585243747 773553904 489219430 619324255 548899036 599822866 928576786 941574266 992374524 661633596 309116938 895801468 575312290 642762938 699091305 954057825 878757806 406535911 354604361 209327577 228771449 354860702 893383420 882955095 537623167 540635716 60955972 169028833 288054471 927403794 394885886 225145922 223996524 314793902 494435482 414461482 633340839 949990239 386057463 524873914
610428454 157784598 285841852 530537201 309221931 36462536 67092705 441541551 303574435 490941844 912640393 776643988 273745342 970631181 752924385 793560915 428015962 922233941 746725076 43522903 913621030 477851535 294275544 956992967 950270406 168470331 2340121 124651134 22076018 140807402 953462353 875819 364822014 242370170 951853481 392944587 604811315 610547471 871255709 67831337 348880509 156696084 519772556 831394663 840493858 479195645 862941866 53930991 480418480 603942820 652635343 316775587 668735961 692349500
