47 8 8
705243304 858617283 797195881 67304327 612660409 331023976 299477234 484867322 887568183 6989609 434359325 322267008 150433944 865559550 607727653 772681182 648881411 838929588 236965760 256833032 445117179 238967997 333584594 452343672 769516988 602481760 381051564 921931030 141316379 225665755 963293733 803438289 973581071 37026790 163225649 782506151 620808938 21317708 802478701 404204384 883434181 391754304 859969841 454812426 326668908 757848530 735878739 322915988 464606347 900412896 427450701 117731457 161993964 490949316 868235496 51507395 941222724 778946644 606710242 811594520 930092414 328294226 616028115 42171007 5296521 728484629 493602613 289873447 458347976 521167284 70995136 148555639 57031964 231640554 185352699 626223288 817175009 513424397 216151940 734799457 944741220 994570374 994219246 891753405 243760866 600613789 288197505 327983387 479504248 641773650 348450405 749759052 116745976
710205640 481922737 359230745 257157153 212536024 525613092 674511469 530465698 196466988 515151844 317261248 492129280 952248094 284037254 210580047 272516673 965544711 742900601 126701514 348362802 560606950 724583067 818668873 845221866 187187643 929801944 870891133 251854596 181492580 254902800 214990713 789013085 392490974 617984779 545183268 216755727 870282400 727572843 957520882 937645292 811857295 897418837 530069452 232031511 769111021 320994522 284537106
7154267 368018223 435289004 236696220 828708190 780722259 435861500 577562818 371424328 637225568 615476835 565578235 292217221 886404948 289454029 644170094 760992352 325546558 592544397 123297992 302072343 512609628 609772631 991013655 537683454 155909777 532611457 734368493 852644621 677651298 851781823 172079307 203848738 222090355 694977516 736851195 866117845 469211676 141055645 437022906 551345024 515762034 616048967 108686211 979585829 756558394 216077489
631767716 278537452 573605957 906301443 364680348 849007673 871433894 894401568 884726250 705702217 585042078 503941816 95224638 527931226 158819142 512775380 163411416 525596616 84656348 267970782 696116283 99442528 583560527 378421204 218899678 977488381 841395540 676227863 422321778 850579759 621516639 878367148 571947066 731785653 814123960 565622379 6775801 142698694 830019207 740102329 909951978 949445112 93585850 513666924 429711162 877455566 434592976
194731454 413760844 446932085 138777666 290858403 759595180 426224242 730079328 753632694 387196809 154114118 360336517 363425977 784086413 908456185 656373115 323639324 979816733 135352126 465902569 750274544 581072415 927251112 19463504 964896370 613424096 454842589 156800620 825156226 174799923 660778632 793242648 866945907 700279387 956602963 457831507 6129754 552352735 597271909 599857142 888445835 492767415 588959775 108670337 9392984 825351112 651802512
827149984 276337660 453116576 797562910 433700620 515003843 655465366 599548263 506789496 932881268 445949887 897872223 940752982 901322992 971618690 850565425 161992401 241635456 184846510 916935603 842382646 188840914 395693475 784116004 674615138 318793770 532279972 62854726 837452090 888359825 100561013 998717640 378021895 814556180 579939894 790233274 191749709 921569148 562305456 162175555 998687058 226977586 281596457 82033442 175240514 901355653 614479531
750166216 855191644 247655459 139942446 995303610 322194035 114153365 630560646 401453311 69365879 383974045 352723181 95358233 647430517 286348138 373178583 772382323 183396436 425828678 750607475 437994553 889556816 550686546 439515302 796125637 560334628 761148523 11845657 293354709 993776106 466375747 861779607 801150516 49072412 606716978 275238745 431894061 293674593 96246793 231456602 305013552 174276519 401683097 146413957 745522520 725750444 695553761
470115684 95967509 114981340 812559911 905589348 351350382 896736593 735003597 279335090 835885382 890925351 598764345 832926865 500351535 569338447 614930259 94396670 235106529 761267633 81393998 939109210 502009149 952305884 835599359 338636633 174320085 815317153 775869600 100418844 236606773 390544392 925415509 578714048 993394320 686023744 527303706 568713518 827631739 973959363 544311144 831594149 408433046 922387335 432907416 726615344 330913810 489062098
813505901 22140562 546405542 694678633 990984221 895291737 204436609 705243304 218842716 18854134 89334688 426388891 710051810 806254202 392114430 766053662 70946541 619914008 13850344 301148817 229214485 264599180 578522587 150318336 765462094 692612986 337182308 19667550 138760604 246941883 769869046 762252188 479291138 295827888 18420339 565647083 455678747 723974962 993003962 799647543 549495822 178937269 288314948 445311042 146923852 957092346 536235082
657855735 260267141 659526846 295179921 509792116 65535120 564953574 650939784 757749596 852032764 376284103 543853593 59966684 657154545 487791079 313897332 859054045 740880210 308005444 760651088 985472585 663920046 15223788 204199545 709517915 683546944 934510249 558518521 611145506 952940330 231930221 24320288 179935826 319180943 900874823 253454331 202320303 442330992 71570180 889344249 591942624 931238162 189628401 31405341 487341244 585111798 671492985
267508466 493415714 89834293 789289338 743771974 893833822 522586729 515012423 223913084 202658535 815858016 477255168 346430639 685675996 282759265 465232763 320800467 142637103 210664897 406086096 904862039 675749427 353813840 789601430 750177946 737771401 593752854 578584576 281648095 961125904 400455745 230184786 37996726 710120950 704619596 803337717 67919986 663892356 996043260 980494524 155325858 420132989 71685344 96483616 529256037 277525904 374897595
228066601 512265295 73807069 950704314 76816401 938769405 386624602 163332554 365639218 358897078 15220560 462828510 376128141 214304795 39525971 997801652 310034710 225139038 874410774 253634161 195985562 660118846 162483989 370521436 872983470 677521903 217571128 22229606 632777962 37855069 134834307 601934066 871083088 842364989 347638445 161250178 59145092 259049296 719102701 849972896 780592422 173298304 363838879 326252341 739976715 593615398 345897557
834742029 627640530 345483219 915001081 557480699 886773982 625567587 356605781 923489168 278051481 305389298 382387917 250905561 506774628 395101481 448692924 448215157 391782377 868310558 573889718 842433906 125195327 294321069 499493573 164151130 722171366 989971631 910955286 222285101 526517890 387483448 247593567 502427477 303529758 872132355 205027966 512651429 157455185 277754578 329690208 955428369 412089767 741640171 370046525 811709419 276880669 989552923
902481242 527993256 331703985 207194499 315908889 613074837 23524858 748018797 418096327 733500013 247295716 812443564 818742016 725202135 771467632 422431587 48345460 559167897 641575308 115388776 916987044 720631956 382793887 59108209 824638175 838394904 423127758 811254715 454276149 892359018 813729564 908094230 958489949 74290062 446948155 940767842 662441066 758486011 722401032 974141042 966718774 385539033 516027110 370592362 920487755 595951859 214372580
724754052 459108078 871913528 324420599 586334002 420240350 616045681 965592583 260184260 767401144 860371527 812903031 563454153 84215824 240443692 75376426 809722663 809244422 624696718 552541470 460213014 365547852 865682918 280197736 453605026 382937656 727914548 335847705 582428855 946303517 392693146 613360324 380337410 764011101 632376906 704974548 197299353 302320380 184850773 38658336 338588058 21933024 765561875 910030757 201574336 411587736 825469013
260154836 351792852 603671407 520628239 116477519 504789326 915034377 320872512 884829860 346235145 890768754 154011752 676504597 85496625 318993161 242093438 290436416 238892016 945371608 754680621 438804882 436685509 221554891 75304113 130747729 445111955 335634594 341171224 363306473 846598733 668448161 221620856 776923406 888291885 946888044 33325725 957171187 92949545 843259191 668328592 726114779 998070120 597571437 660256700 620105047 174140817 176224295
978542768 722333782 9600347 6676210 590394516 142088817 418649164 903627959 569646277 133965291 607288155 144857803 898816491 548685450 659045143 224912848 439091396 435636971 235653291 363672170 149324641 709157001 626448132 968084427 415238619 462403360 51085060 584681403 407374819 938417733 219409034 531254820 962736745 751280742 352284191 973340893 488252139 737288709 663386384 497726853 61211710 444494007 96749367 45113918 556349423 638236857 270391735
167898653 65098275 727904856 799310875 789639477 290826186 659130777 945668927 138485688 701992490 874710738 363100225 681403575 119751922 28521848 730942408 884617767 55182238 30702506 118860704 324493412 357760374 288323845 319239789 490278128 579945679 157166365 952324275 363018486 422147606 887120590 310617059 800408334 87614323 67170844 250464561 567700633 657913367 450508022 949375256 74097237 137882342 281625732 718057599 562272846 343263875 265730321
599807142 43828424 17401577 548382794 998266714 916539553 837835635 642109157 813274125 478297644 684455050 123097326 408838922 361706378 903584850 82975537 543758911 453346416 712178134 127700866 291074080 677224436 197948292 729236485 771180442 52993313 339016473 853980958 48225916 584691956 322448551 226438313 452628166 188263120 202700765 862488918 149718681 767086987 507758867 497222497 664148479 542273094 259237605 768657571 50826602 159982229 554448714
369680194 389596652 297240897 752595680 539121058 191132364 654946704 406485594 482070222 563582636 233328109 388020550 256258813 696874906 356141475 648615241 508092028 774854535 419242539 375544053 531125465 905615187 267191872 459309372 583790808 418453005 823904033 155589260 504972720 24797423 386452757 168274307 882095511 591866003 672341881 220987978 533394676 500077966 332438247 458378411 252895279 124786945 847891465 991233305 328514856 758198540 984620928
6406133 48415300 841171451 744994635 94257982 513336037 263949803 659536324 462417328 93506004 728435060 403654278 549504904 390505768 44788736 599968289 771587046 816283347 313490235 910012188 49322551 355513978 196421471 370822997 983217812 252827195 589738876 100666863 716280760 137300105 721129865 853305370 644389171 633118933 634137370 834498836 966097018 179766113 943944226 880989930 257624527 186671419 365195453 946531779 45487295 913757013 467792746
611813726 890912490 299336987 421187871 134889265 982675937 523645551 226708168 699990841 394533263 167687214 161420864 919167145 89673318 274697040 849798983 841619838 455906602 637517762 196224595 669135628 401095686 877151438 273708261 638833448 411373213 680584890 610864589 59981924 214409839 83616109 276724876 743113018 510393215 582235656 560138491 304837173 974116073 868947038 831285229 495906779 445264089 623807060 494188913 460453592 478658483 187146798
956668074 734863519 532428290 581457461 714134542 528652815 799169798 908934918 547888178 374750657 572671253 43010747 927050659 185853465 819673306 602688787 656949657 200296164 763929845 398878332 278045797 753158743 597358845 50011813 898926448 509686280 774301816 202344523 998126395 151800962 57837325 179293898 864931555 240377398 768770440 98715935 964790048 826953333 290861539 176617311 73262417 25822581 357670791 259674827 890869661 709080446 897817572
895244785 668874463 503977885 266058197 825314684 503701005 13057223 998113290 186826829 889572135 161706912 821150645 322453356 932783117 431072206 635312233 1247978 982353567 312912 931248753 408173400 455639779 41194995 900320182 217778263 931708728 382789823 701643013 631770024 588387286 917835438 562182522 867966079 627413434 950165348 304483590 466376645 119352427 234159647 910923597 565774838 889822677 332692177 286082087 955033275 460949573 955610806
443736957 297784066 815995148 274891877 364419634 130094451 725028814 37474761 129711864 45092704 989160938 593256187 713518842 868862972 405888853 58737413 546911238 623827688 737649640 873764668 598838284 732249832 140391754 354626641 167855032 126973082 111447421 786321765 678871043 788417196 125311382 12518300 923429302 1719181 823000035 657425153 276429297 503221544 488896328 88901136 108962508 874093776 197623879 501855925 8078590 897131918 655590850
455515890 383815565 469054042 226377122 585901736 153655655 846155557 456430909 613104090 729895475 696547138 906223773 438159709 400604651 206084004 802981975 257663813 626622008 882775857 320146724 18144814 163537334 870069407 556907756 576792075 648631204 377619310 207068225 489008566 696739834 438998026 631275394 774925733 812204424 786904224 952917629 991375638 775361589 516696499 727887829 685272234 206944391 38310564 749561661 539062511 19836378 554231579
908908926 360900069 987233783 309726300 475991836 865522291 132956142 427461107 192525521 548440535 648971344 24692176 10975713 131817300 336116454 318494128 4305940 803197508 73328150 448481944 111339628 733821186 997415486 666109828 823937079 501275387 494119323 56794607 747978542 26919794 122889208 882197784 771967892 987560773 257539932 753789278 610445836 403379550 23448157 922318087 602669530 68735867 148684319 67523748 699461263 942957591 676859265
889685832 498644345 365826065 365783925 135766844 427909399 577859999 121068664 542756339 703534364 436101814 678367390 893582153 627964066 92895211 502880694 416355665 198689810 689585444 401637116 540348437 545283208 459517244 84198051 653748514 227643317 186752843 246147800 544581556 62588685 57129337 155864831 285853245 465470468 41126540 499199074 304365934 366762005 43438178 108263209 218759803 40295332 518677521 142766913 995049310 912420269 961376212
663376517 890962386 561213630 793667656 30885857 321204938 82363304 533308934 386279458 526284736 141318109 337138013 673705772 638906217 357016623 930522936 839946657 284318940 366331407 980031913 652595742 654223150 330087922 52632631 468530126 413663046 559679817 75690880 72008707 730275824 591712463 909367831 312067210 57112833 348730009 227054304 324819920 669912116 323776034 374344610 982265655 42828604 844911558 316393747 165832621 220015745 52932102
722590808 830789496 254411030 97909460 517907079 498135329 13289841 937135186 314297011 417432759 199905129 276773788 744316168 250897558 286944457 416958232 461174433 880005679 259344850 698806220 13387748 944991878 44034703 117691352 705295801 383313196 704422458 700911648 136709731 807311177 33719735 15132588 518258699 747978207 330219426 822209767 938860184 26329547 743009802 888727685 409777790 441459850 843997663 971985186 22990938 565742035 567081126
672070270 293824261 845933897 308110064 823856337 603957761 196374603 728445738 943858821 100039907 538491307 555975427 228414547 494164725 983467494 741158164 897035883 925085978 729240379 571382488 93520446 3407119 313007919 818448171 736133096 100220204 747125033 495578674 222576380 153636387 778435859 515490678 477451431 648978568 996035003 694019082 972732478 348943035 328235422 610656908 289876761 268741353 771133863 606375230 957868693 795470697 393713288
544968757 364953154 305393685 798951858 230372555 164233112 827894495 871116538 350855219 371896831 891837362 226535674 740986731 577102952 915213591 531710067 784824657 713743931 655379207 345580599 658089648 139765070 574218956 994822789 328205959 816611259 68175558 769072008 686773038 465235987 69435873 495479744 462908708 400425777 217841375 841165572 87987044 728297128 303527805 939572171 969385745 646822911 766542030 546337791 799112737 262476501 289516404
311756399 914534188 440757603 105466276 566280972 359375798 501284544 427640453 201481438 675994977 276110506 872269068 908796808 191984683 659055961 589183708 216229787 501683879 318073489 28946870 347493444 311060800 91687851 619310259 725942642 38478665 546806827 302915954 459822576 111423878 843020888 461236081 695815638 885749371 713014803 218405130 923500260 611901411 727906621 136892691 99125846 625871535 929932338 224956441 117787356 882248593 414483436
82841746 104407041 923140359 118785167 748207945 136009529 459802815 239859294 742633281 784156642 554667780 655787976 912685438 386824664 729973091 811032829 663747249 795027943 867428928 486851318 864885457 2631025 424571772 614549765 116370577 524719504 822964638 660722399 634974192 827270667 234239587 732312423 95232871 180627245 292532543 491051642 144819591 992900590 959825599 846908906 143522227 121957676 117232330 173844382 28235321 687446722 224316309
774055322 345180265 34099002 22055793 592261089 861961357 376695271 942146683 882813191 716210736 98635677 579616021 156122834 751844265 135742006 859132159 815865888 791730292 312034978 321403298 463824785 817213901 369207243 651388637 519707189 324862750 452008230 649831465 786508098 820267517 901650206 964732080 431598222 652419758 616334736 383362992 955030902 647514616 322410205 441198031 972343176 813162549 166197577 781411151 343016500 846662280 894881134
497280554 977873267 472586797 951411313 575818564 89462074 171006932 2089334 506221534 232212158 346745794 388212463 38958705 731031433 624936786 484587568 730907138 359577495 108469592 70097021 762363510 163573880 100275657 162184791 899628414 252696593 635340765 654352753 317789885 418421589 17983608 243465040 712398185 592140162 329673821 816890812 641506655 777734902 731630417 886534210 782677711 670856501 469605971 477489668 336088541 664723851 204442624
284836156 120858426 912059181 454496072 26722410 632253035 813319208 829550971 224248675 161793706 866294948 318084683 874713620 672600461 42186596 738484194 989669438 467428073 834944977 400903911 546059850 301877043 363229115 986992406 262950819 395297273 498404570 517487732 841379496 474149080 344885948 283892185 196855340 694440967 350197757 994242459 589640623 649876912 156352691 474016225 116923952 28877941 92326759 793222229 377500233 572432400 483161682
418796201 310627387 227737373 872082782 685594485 32559511 118496088 72124149 953708184 15984288 263448352 157089015 91463017 556475160 442565499 45781313 36800083 62251397 917795214 878869468 288850933 915429065 329481501 239678267 902682714 458383069 306210352 536862297 29191 333303089 39270485 137671193 276871244 124700821 760361788 796365429 620165907 174173511 683721650 58254891 593328130 461276062 12269567 741942025 203798849 741193517 536070260
398910286 376184018 473771543 48869875 284882591 52182552 797945947 219508361 703469683 575946943 130930793 402885568 178695276 589400543 228109061 656543623 668154364 381627850 332846604 688717211 427882038 569096343 23519259 320883626 411242483 14397344 303788383 401134469 546191036 347527145 552273119 540158464 752647967 121607199 369293744 540399841 540301238 82354288 576009269 310101636 88260068 363665627 619574976 426414278 677069262 706264683 976767860
205176930 607465963 694816822 564417528 276974671 735606234 57898919 155077854 746324010 541746121 738073115 787881880 471951070 488369140 429099733 364676494 781904169 618587274 738953417 336315917 82081175 814911275 878182874 393786651 360170779 428143761 547637419 733126290 483142058 294472264 486959574 886857731 538111939 310230072 78995282 449564387 233941683 184277466 559137121 229252077 57261248 804120430 755839580 247793303 119921232 611673524 701963891
936565278 278668957 814543045 251995869 584885252 216302221 14426673 254899104 514913501 200029742 876856662 340078373 433931567 110871411 996384113 234253839 678091273 976456314 288875761 323179009 362978649 897077476 323432885 949522283 837696071 970446574 551807739 11146081 27375402 417408287 619077050 765467963 970406073 703255624 264523005 47335586 232545172 155538986 289377557 35556883 860825718 151103713 764338421 883026084 250883173 589665372 499021682
748649303 486191767 957844981 652942935 133654635 165375674 654787890 791091500 130305120 286954404 872941520 381786218 412544264 77886812 504145861 270215022 484994906 783408367 761395651 557806525 829648700 38392700 631069671 906676719 963752541 696414788 678406339 528269807 575204313 548230028 775887314 596352148 293302079 946854778 53283884 50203572 218531350 254794636 403610865 805396521 268460265 51498911 236275105 655088811 439026106 508847970 632472143
383877310 648129019 754767729 638519363 439819115 49703437 255001668 464111187 60508394 777603827 940036172 329042042 881899097 350801397 824755944 839056557 765827254 616094024 324876038 266380645 223388091 559205126 902911521 768865051 741761865 417977070 746479646 403341212 687136335 119631551 866518467 53118913 889458230 531061754 577827936 923838329 118421203 236083154 649777129 676932124 706870234 276627038 62677019 485704376 170270654 716262443 679031055
750332070 692504362 904669887 163885101 535473450 746487172 167921755 669952618 549714057 164892564 964259479 477683498 520608671 184935503 279648039 30016584 810861499 859077933 634467051 562360561 983529059 329612092 782536879 607607912 741197988 652745583 23425505 521516193 66847212 793816958 655288267 628644375 305322745 814011046 541160173 209288637 368853526 371522395 380793844 936235640 952977038 89857611 923227491 504919464 652944588 867434981 156461255
402721963 276687686 632039629 216490755 415211290 311918266 107266179 779714141 996769820 922105442 695276514 356434849 333871405 408803284 169447748 126625458 435340581 208745094 769051347 471469276 584390381 211911692 323745904 861754515 564824352 352643778 363461152 61375872 904450183 48375138 698561138 256210734 432311545 568495491 727357243 628919100 106527706 858423378 654903963 429302355 161634803 55972424 304467351 284841291 509385969 605310613 797944943
78633502 359305223 482235679 198270498 778600589 541561052 662373258 782583453 454516226 896608441 934093353 696943575 6669079 358236637 545179591 825128254 71758094 649515503 661164010 983607252 429984556 492487580 880295677 123364788 818419752 32944732 143358381 390786262 725345342 97691930 222345090 301013546 623505338 183772829 871187632 867376353 701911207 899749931 600891250 223217066 228357012 332847953 827331280 325959651 918958424 630051452 410329931
674152615 585941612 81010322 444477489 626945858 30433321 10796235 728875130 545687207 980937430 346533422 853917486 854849566 161722413 784831338 901157373 799032395 13290156 380308655 688606458 408437425 557343149 502551813 559491350 715247103 825524427 425413714 366630496 122271979 897543157 883304527 58135719 669840300 643195482 905837948 135763192 590994823 772298989 567610422 685035220 765381146 835778219 760345234 660094749 540157107 104945249 803956859
460011589 530795418 857069981 902353101 46395508 632418937 945893813 816367141 926835438 518987422 346138250 144418069 816068555 621940094 228232274 795263761 335609367 157216345 297709534 536944515 576174391 566107427 197312985 391609980 947185178 383968184 531817910 55420703 937096593 218434600 218762100 308900965 580831328 492489800 995629260 369440482 148575829 267352754 369625178 896358091 415806605 993865716 385273998 890719963 86057015 795261616 632954045
