6
10
19
35
39
54
64
67
68
84
91
95
96
97
111
126
127
129
131
137
150
161
163
172
188
190
198
199
201
210
216
221
222
231
234
235
241
243
250
251
271
272
274
280
284
285
290
291
292
293
298
309
319
322
323
342
343
344
345
357
373
377
384
386
388
389
390
398
400
401
441
443
446
450
475
476
478
481
498
503
522
526
527
533
546
554
560
575
590
593
594
596
610
611
613
620
622
634
635
636
649
657
662
667
675
678
682
694
695
705
706
716
718
719
729
731
732
739
742
751
756
758
766
775
777
781
789
792
797
810
812
814
825
833
842
854
858
863
869
875
880
885
888
897
900
906
908
920
923
925
931
940
943
949
956
963
978
985
997
