4
6
11
18
49
50
56
64
78
81
83
96
106
108
123
150
164
166
179
202
204
222
225
232
233
241
242
243
257
260
265
267
280
282
295
296
301
305
317
324
339
346
351
366
368
373
386
393
402
409
416
427
445
449
456
461
470
472
478
496
517
536
545
553
554
565
574
576
578
583
584
595
599
610
614
622
660
667
670
673
676
683
686
716
719
723
724
726
729
738
747
761
765
769
772
774
779
780
790
806
828
837
839
844
845
850
859
863
868
870
874
876
885
886
889
890
892
918
936
951
955
956
964
971
976
977
979
984
987
990
999
