1
2
5
22
24
26
32
38
41
43
48
56
59
64
70
78
81
86
87
89
93
100
103
110
120
121
122
123
127
128
133
143
146
150
155
156
158
165
172
173
178
181
185
186
192
196
197
201
205
208
213
226
228
230
234
238
248
250
254
255
261
265
266
268
275
279
284
290
301
303
304
305
308
311
313
316
318
325
327
330
333
337
344
345
347
357
359
367
378
380
382
385
391
395
396
397
407
409
419
420
424
429
437
444
447
453
454
457
461
486
487
490
495
496
497
511
518
527
536
537
538
539
543
544
549
557
566
568
579
590
596
602
604
605
610
620
624
628
630
631
632
633
635
641
652
653
665
668
671
676
683
684
685
689
695
696
697
710
716
721
728
731
733
739
740
748
754
770
772
776
782
785
788
795
798
809
811
812
817
819
823
825
832
839
847
852
857
859
860
861
867
874
875
876
881
886
887
889
891
892
900
905
909
913
915
924
925
927
937
938
941
944
953
954
956
966
967
971
978
982
983
986
988
992
994
1001
1005
1012
1016
1019
1020
1024
1032
1033
1035
1042
1047
1048
1049
1051
1062
1072
1078
1082
1084
1086
1087
1088
1090
1091
1098
1111
1116
1121
1129
1134
1136
1138
1140
1141
1143
1145
1150
1159
1160
1170
1174
1176
1182
1183
1184
1191
1192
1194
1205
1208
1211
1212
1214
1225
1231
1243
1249
1254
1257
1262
1265
1267
1270
1271
1274
1275
1279
1280
1287
1291
1293
1297
1303
1307
1308
1311
1315
1316
1317
1318
1319
1320
1330
1333
1340
1347
1357
1367
1369
1373
1374
1375
1380
1385
1389
1396
1398
1399
1400
1408
1410
1412
1414
1417
1427
1428
1430
1431
1433
1443
1452
1453
1457
1458
1469
1476
1477
1481
1487
1488
1489
1495
1498
1499
1503
1512
1516
1518
1521
1534
1540
1546
1554
1558
1561
1562
1563
1564
1565
1568
1574
1578
1580
1582
1584
1586
1588
1589
1592
1595
1597
1598
1604
1607
1611
1628
1632
1633
1634
1637
1640
1647
1648
1650
1658
1663
1675
1678
1679
1680
1683
1687
1688
1689
1691
1696
1698
1701
1702
1708
1715
1721
1728
1731
1738
1742
1744
1750
1764
1765
1768
1772
1776
1777
1778
1783
1787
1790
1792
1798
1810
1811
1818
1821
1827
1835
1838
1841
1846
1848
1852
1853
1860
1861
1868
1871
1877
1879
1881
1889
1898
1905
1906
1912
1913
1914
1915
1917
1918
1921
1922
1924
1926
1935
1943
1948
1954
1955
1956
1959
1961
1962
1965
1966
1967
1971
1977
1979
1981
1983
1984
1985
1990
1996
2001
2004
2005
2007
2008
2009
2012
2013
2017
2024
2027
2028
2034
2042
2049
2051
2052
2053
2054
2063
2066
2072
2080
2081
2082
2085
2086
2087
2094
2103
2106
2114
2118
2119
2120
2123
2125
2134
2137
2138
2139
2140
2142
2160
2161
2167
2170
2180
2181
2187
2192
2194
2195
2200
2201
2212
2214
2217
2223
2225
2228
2235
2241
2246
2249
2252
2261
2267
2268
2274
2280
2281
2295
2296
2297
2299
2300
2310
2312
2315
2318
2319
2321
2324
2327
2331
2336
2342
2343
2345
2346
2354
2355
2357
2358
2359
2364
2367
2379
2380
2381
2388
2390
2402
2403
2408
2409
2411
2431
2432
2436
2438
2440
2442
2444
2452
2453
2455
2457
2462
2467
2470
2474
2479
2483
2485
2493
2496
2501
2502
2505
2514
2520
2522
2531
2537
2543
2546
2547
2548
2551
2556
2558
2566
2570
2571
2575
2578
2587
2592
2598
2603
2604
2610
2615
2616
2621
2632
2641
2643
2644
2649
2650
2651
2661
2662
2666
2667
2668
2671
2679
2681
2686
2688
2692
2697
2699
2701
2707
2709
2715
2719
2723
2724
2735
2737
2738
2741
2760
2764
2771
2776
2782
2783
2785
2793
2801
2802
2804
2807
2813
2814
2821
2822
2823
2826
2833
2835
2843
2845
2846
2848
2852
2854
2856
2860
2863
2864
2866
2870
2877
2885
2888
2899
2903
2909
2919
2920
2928
2942
2944
2945
2946
2961
2970
2971
2976
2980
2981
2983
2984
2985
2989
2991
2992
2993
2998
2999
3001
3003
3007
3017
3018
3019
3025
3042
3043
3046
3052
3053
3057
3058
3062
3067
3074
3076
3078
3083
3085
3089
3091
3094
3106
3112
3115
3118
3119
3127
3128
3132
3137
3139
3140
3150
3157
3161
3165
3167
3169
3175
3180
3197
3198
3204
3209
3211
3213
3218
3226
3228
3232
3237
3240
3244
3245
3250
3259
3262
3269
3271
3279
3284
3306
3307
3316
3318
3319
3322
3330
3335
3337
3343
3346
3348
3351
3352
3353
3362
3366
3367
3371
3373
3375
3376
3378
3379
3380
3386
3392
3393
3398
3402
3405
3411
3412
3416
3417
3427
3431
3435
3436
3445
3446
3447
3448
3451
3460
3464
3490
3491
3495
3498
3508
3513
3516
3517
3519
3522
3523
3527
3530
3543
3550
3551
3553
3554
3558
3565
3567
3586
3587
3589
3592
3601
3605
3625
3627
3631
3635
3636
3637
3639
3640
3643
3645
3656
3659
3660
3666
3667
3668
3669
3670
3672
3673
3675
3681
3685
3689
3692
3694
3705
3706
3711
3717
3718
3724
3734
3745
3750
3752
3757
3761
3766
3774
3777
3787
3793
3794
3797
3799
3806
3809
3812
3821
3822
3827
3833
3840
3847
3858
3868
3870
3872
3873
3877
3880
3881
3896
3897
3899
3912
3913
3918
3923
3929
3934
3936
3940
3941
3944
3952
3954
3956
3957
3959
3961
3962
3963
3972
3981
3982
3984
3988
3989
3990
3991
3996
3997
4001
4014
4016
4026
4029
4034
4035
4043
4045
4049
4051
4055
4056
4060
4065
4074
4081
4091
4092
4098
4105
4109
4110
4113
4114
4118
4127
4129
4132
4134
4140
4149
4151
4157
4159
4172
4174
4175
4179
4182
4189
4193
4196
4205
4209
4210
4215
4216
4219
4231
4232
4236
4240
4244
4251
4254
4256
4260
4263
4268
4271
4276
4281
4283
4285
4286
4289
4294
4300
4308
4310
4311
4312
4313
4314
4316
4319
4320
4321
4322
4324
4329
4331
4340
4341
4342
4344
4346
4350
4351
4352
4360
4362
4379
4384
4389
4392
4395
4400
4403
4408
4413
4417
4418
4423
4430
4432
4445
4446
4448
4449
4459
4461
4472
4473
4476
4482
4486
4489
4495
4496
4498
4499
4500
4510
4511
4513
4525
4538
4540
4542
4545
4548
4551
4561
4562
4564
4567
4571
4572
4573
4583
4585
4596
4598
4602
4605
4607
4615
4619
4630
4634
4639
4641
4642
4644
4649
4652
4658
4663
4675
4680
4681
4687
4695
4701
4706
4707
4711
4715
4716
4728
4732
4735
4737
4746
4749
4753
4756
4757
4759
4766
4770
4781
4782
4787
4792
4796
4810
4816
4818
4826
4828
4831
4833
4836
4845
4846
4848
4849
4851
4855
4857
4865
4867
4868
4870
4876
4881
4886
4887
4890
4891
4894
4897
4898
4900
4907
4911
4914
4925
4937
4942
4944
4945
4946
4947
4950
4952
4953
4954
4960
4965
4967
4972
4978
4983
4985
4990
4992
4999
