1
4
8
16
18
19
21
22
23
30
38
41
43
44
49
52
56
58
59
62
63
67
69
72
76
90
98
99
100
103
109
113
115
117
118
120
127
130
134
141
142
144
146
149
151
155
158
174
175
178
186
187
188
197
199
201
202
214
217
220
222
223
230
231
234
237
243
245
249
252
254
255
256
258
259
260
265
270
274
275
278
279
281
286
294
295
304
305
307
308
309
311
312
318
320
321
324
325
326
331
333
334
337
341
343
348
349
350
354
356
363
365
371
372
373
375
377
380
381
384
387
388
392
394
395
396
401
402
403
404
405
406
411
416
425
426
427
428
430
433
435
438
439
440
443
446
448
452
453
455
458
461
463
467
470
474
477
478
479
482
485
486
488
491
494
499
501
502
503
508
513
514
515
516
517
518
520
521
522
527
528
530
531
536
541
545
549
553
554
555
563
567
572
574
578
579
585
588
589
594
595
596
603
605
608
621
624
626
631
636
638
639
641
645
647
655
667
670
671
672
674
675
677
680
681
682
683
688
689
693
694
696
697
699
700
701
705
708
712
713
716
723
730
733
734
736
744
745
747
749
758
760
762
764
767
769
771
773
777
779
780
781
784
786
787
793
797
799
800
801
804
805
809
817
819
820
821
823
824
826
828
829
838
839
840
843
844
847
850
852
854
855
856
858
864
867
873
874
876
877
880
881
884
885
887
889
890
891
892
894
896
897
901
904
906
907
908
909
910
913
914
917
919
921
924
926
928
929
930
934
940
941
942
943
944
948
951
956
961
962
972
977
980
983
984
985
987
990
991
1000
1011
1013
1016
1019
1021
1025
1031
1032
1034
1035
1037
1042
1043
1044
1045
1048
1049
1055
1056
1057
1061
1062
1064
1067
1068
1072
1075
1078
1080
1081
1083
1084
1086
1097
1104
1108
1115
1117
1121
1122
1124
1125
1131
1133
1134
1135
1139
1140
1141
1142
1145
1154
1155
1156
1157
1161
1167
1169
1172
1173
1175
1179
1186
1187
1197
1202
1205
1212
1221
1222
1223
1224
1225
1226
1227
1228
1233
1234
1242
1244
1245
1248
1256
1257
1260
1265
1271
1275
1277
1279
1282
1285
1286
1288
1291
1292
1295
1298
1299
1303
1304
1307
1310
1312
1316
1317
1318
1320
1326
1328
1330
1332
1339
1343
1344
1345
1346
1347
1355
1356
1361
1362
1364
1374
1379
1382
1384
1389
1390
1393
1395
1398
1403
1405
1407
1408
1410
1419
1420
1422
1427
1435
1439
1440
1443
1445
1448
1453
1456
1457
1458
1461
1462
1465
1466
1469
1472
1473
1475
1476
1479
1480
1483
1484
1486
1488
1490
1494
1495
1497
1501
1502
1506
1507
1508
1509
1511
1512
1513
1515
1519
1522
1531
1533
1542
1554
1561
1563
1566
1571
1580
1583
1588
1591
1592
1595
1602
1606
1607
1608
1614
1616
1618
1620
1621
1623
1627
1629
1636
1638
1650
1654
1667
1668
1672
1675
1678
1680
1681
1684
1685
1686
1692
1693
1696
1699
1701
1702
1703
1705
1707
1710
1712
1713
1715
1716
1717
1721
1723
1724
1726
1730
1732
1739
1744
1750
1752
1753
1755
1757
1758
1759
1767
1769
1770
1775
1778
1782
1785
1786
1788
1789
1790
1793
1796
1797
1803
1805
1810
1811
1814
1815
1817
1820
1821
1825
1828
1832
1835
1842
1845
1850
1854
1856
1857
1864
1865
1868
1870
1871
1873
1874
1877
1879
1884
1888
1890
1893
1894
1895
1896
1897
1900
1901
1903
1904
1907
1908
1909
1914
1915
1923
1937
1944
1945
1948
1953
1954
1955
1956
1957
1959
1963
1966
1968
1970
1973
1974
1978
1982
1984
1988
1993
1995
1997
2000
2006
2007
2010
2011
2012
2015
2016
2019
2025
2026
2029
2032
2035
2038
2039
2044
2047
2048
2054
2056
2060
2061
2062
2063
2065
2067
2070
2072
2076
2077
2078
2079
2081
2082
2083
2086
2088
2090
2094
2098
2101
2102
2103
2104
2107
2113
2114
2115
2116
2121
2122
2124
2131
2132
2135
2136
2137
2138
2140
2141
2143
2145
2146
2147
2149
2152
2157
2158
2161
2167
2171
2172
2173
2176
2180
2181
2183
2184
2186
2188
2189
2194
2195
2199
2205
2208
2215
2218
2228
2233
2236
2247
2248
2256
2257
2259
2260
2262
2264
2266
2269
2272
2274
2277
2282
2284
2286
2287
2297
2298
2299
2301
2307
2308
2310
2311
2314
2315
2317
2322
2325
2326
2328
2330
2331
2332
2335
2339
2340
2342
2345
2346
2347
2348
2351
2352
2355
2357
2360
2361
2363
2365
2367
2370
2374
2382
2383
2384
2385
2388
2391
2396
2397
2399
2400
2405
2406
2407
2408
2410
2413
2414
2418
2420
2426
2427
2428
2430
2432
2437
2438
2442
2444
2450
2453
2459
2462
2464
2467
2468
2470
2471
2478
2484
2490
2494
2495
2496
2504
2510
2512
2514
2518
2520
2523
2530
2535
2539
2540
2544
2546
2547
2559
2561
2564
2565
2567
2568
2572
2574
2575
2577
2578
2580
2582
2587
2593
2594
2602
2609
2610
2613
2618
2619
2623
2625
2627
2628
2638
2640
2641
2642
2645
2649
2656
2658
2667
2668
2673
2674
2679
2684
2691
2693
2696
2698
2706
2708
2712
2713
2716
2717
2719
2720
2724
2725
2726
2727
2728
2729
2730
2736
2748
2753
2759
2760
2761
2765
2774
2775
2776
2779
2780
2781
2782
2783
2784
2787
2793
2794
2798
2800
2803
2804
2805
2810
2813
2814
2817
2819
2824
2825
2830
2833
2835
2841
2842
2847
2848
2849
2853
2854
2860
2862
2863
2867
2869
2872
2881
2883
2899
2906
2909
2912
2913
2914
2922
2924
2932
2933
2937
2938
2939
2946
2951
2953
2955
2962
2964
2968
2969
2971
2972
2973
2979
2992
2993
2996
2999
3002
3007
3008
3009
3010
3013
3020
3022
3023
3027
3029
3032
3033
3039
3041
3047
3049
3050
3059
3067
3068
3069
3072
3074
3076
3077
3078
3087
3088
3089
3090
3091
3092
3098
3099
3103
3104
3106
3113
3114
3115
3120
3122
3126
3127
3129
3130
3135
3149
3150
3152
3153
3155
3157
3158
3159
3161
3166
3167
3170
3172
3174
3175
3176
3177
3184
3189
3190
3197
3199
3202
3203
3205
3215
3216
3217
3226
3228
3234
3238
3239
3242
3243
3244
3245
3249
3250
3253
3258
3259
3262
3263
3268
3269
3271
3273
3274
3275
3276
3277
3280
3282
3283
3285
3296
3300
3305
3308
3310
3318
3319
3320
3322
3323
3324
3328
3337
3339
3340
3341
3344
3345
3346
3347
3348
3352
3357
3359
3361
3364
3366
3369
3370
3371
3372
3373
3380
3382
3389
3391
3396
3400
3403
3404
3406
3409
3413
3414
3416
3417
3418
3419
3423
3427
3428
3430
3433
3434
3439
3446
3450
3458
3462
3463
3466
3469
3477
3479
3480
3486
3491
3493
3495
3498
3500
3504
3505
3508
3513
3514
3515
3516
3517
3520
3525
3529
3536
3537
3541
3542
3543
3548
3553
3554
3557
3560
3562
3564
3565
3569
3574
3575
3577
3578
3581
3582
3588
3589
3594
3597
3598
3602
3604
3608
3610
3611
3613
3614
3616
3622
3629
3633
3635
3638
3641
3643
3653
3657
3660
3661
3664
3670
3672
3675
3677
3678
3679
3680
3682
3683
3684
3686
3689
3691
3692
3696
3701
3705
3707
3708
3709
3714
3723
3724
3726
3728
3730
3732
3734
3738
3742
3744
3750
3754
3759
3760
3762
3763
3770
3774
3778
3779
3781
3788
3789
3790
3792
3793
3796
3799
3801
3803
3804
3806
3807
3811
3814
3815
3827
3831
3834
3837
3841
3843
3845
3848
3852
3856
3858
3861
3862
3869
3872
3876
3877
3880
3888
3892
3894
3896
3897
3900
3903
3904
3905
3909
3911
3919
3921
3922
3923
3925
3927
3928
3929
3930
3931
3934
3937
3941
3943
3945
3950
3956
3958
3959
3964
3970
3974
3979
3985
3987
3993
4002
4003
4007
4008
4010
4011
4016
4018
4022
4023
4032
4033
4034
4043
4046
4049
4053
4055
4058
4059
4061
4062
4066
4068
4069
4070
4073
4075
4087
4089
4090
4093
4097
4103
4107
4108
4111
4114
4115
4118
4119
4120
4121
4124
4125
4126
4127
4129
4132
4135
4137
4141
4143
4145
4147
4148
4152
4153
4158
4159
4161
4162
4168
4169
4172
4175
4176
4177
4178
4180
4183
4194
4195
4199
4203
4204
4205
4209
4210
4217
4218
4222
4224
4234
4237
4240
4241
4244
4248
4249
4250
4251
4252
4255
4256
4258
4260
4264
4265
4268
4269
4271
4273
4277
4283
4287
4288
4292
4296
4305
4306
4308
4313
4314
4322
4324
4326
4333
4334
4337
4338
4340
4341
4344
4347
4349
4351
4353
4354
4355
4358
4362
4366
4368
4370
4376
4389
4392
4393
4394
4401
4404
4405
4410
4414
4416
4417
4418
4419
4422
4423
4429
4430
4432
4433
4435
4441
4442
4443
4447
4448
4451
4452
4453
4460
4462
4463
4464
4471
4474
4483
4485
4489
4492
4494
4496
4498
4504
4505
4506
4507
4510
4511
4512
4514
4516
4519
4520
4531
4532
4533
4537
4538
4541
4543
4544
4553
4557
4559
4561
4562
4566
4567
4570
4574
4579
4581
4590
4592
4594
4598
4599
4603
4605
4608
4610
4612
4614
4615
4616
4619
4620
4628
4629
4633
4634
4635
4638
4640
4642
4643
4647
4648
4649
4656
4657
4658
4662
4670
4672
4675
4676
4682
4684
4686
4690
4693
4700
4701
4702
4710
4714
4715
4718
4719
4721
4723
4726
4727
4728
4729
4730
4735
4737
4740
4741
4742
4745
4746
4748
4751
4755
4760
4765
4776
4778
4782
4784
4787
4789
4794
4806
4808
4810
4812
4813
4814
4821
4823
4828
4829
4831
4833
4841
4843
4846
4850
4866
4870
4871
4873
4878
4881
4884
4890
4891
4893
4896
4897
4900
4911
4914
4918
4921
4925
4928
4929
4931
4934
4943
4945
4952
4954
4955
4960
4962
4965
4970
4971
4976
4978
4979
4983
4984
4989
4991
4993
4995
4996
4999
