4
24
47
58
65
77
99
103
110
112
124
135
155
157
158
177
190
213
233
237
255
260
295
296
330
361
385
408
409
439
476
513
523
541
575
597
602
632
694
698
712
719
729
743
766
795
805
807
815
853
891
895
947
971
975
976
999
1004
1011
1036
1041
1057
1066
1069
1076
1085
1096
1098
1129
1137
1139
1153
1214
1215
1221
1230
1240
1264
1278
1280
1288
1298
1309
1319
1323
1329
1338
1355
1388
1399
1404
1458
1518
1521
1533
1538
1560
1567
1572
1606
1656
1658
1677
1686
1696
1729
1787
1793
1812
1845
1847
1857
1864
1893
1925
1935
1954
1959
1983
1985
1989
1992
2010
2018
2022
2039
2040
2049
2077
2090
2097
2099
2146
2152
2204
2234
2235
2249
2310
2338
2340
2349
2360
2365
2369
2380
2385
2476
2523
2527
2538
2544
2549
2559
2582
2664
2699
2706
2719
2750
2765
2778
2821
2843
2856
2860
2893
2897
2915
2926
2946
2951
2956
2983
3027
3034
3043
3055
3111
3113
3253
3262
3308
3314
3363
3383
3404
3422
3439
3470
3479
3484
3489
3522
3532
3542
3543
3553
3566
3571
3587
3595
3611
3640
3703
3721
3747
3756
3771
3816
3822
3849
3855
3865
3866
3891
3992
4015
4022
4051
4068
4071
4072
4101
4108
4122
4134
4153
4160
4165
4294
4302
4307
4315
4318
4334
4343
4363
4382
4389
4395
4416
4429
4437
4463
4469
4495
4499
4508
4527
4586
4604
4666
4668
4669
4679
4680
4694
4700
4703
4711
4716
4722
4747
4758
4799
4819
4831
4858
4873
4895
4898
4902
4907
4913
4914
4922
4924
4936
4944
4956
4973
4983
