1
6
18
39
45
46
56
65
67
73
74
83
89
97
101
115
121
122
125
131
134
139
143
152
170
173
176
177
185
186
190
194
197
203
208
212
213
214
220
221
226
236
249
258
269
270
273
280
296
306
316
318
320
322
326
327
330
332
333
337
343
345
351
354
359
366
384
386
388
393
395
401
418
419
427
431
452
458
459
462
467
469
473
477
486
493
513
530
533
536
544
548
553
557
562
581
587
589
598
601
602
603
606
617
621
651
661
665
676
689
694
698
699
703
711
714
715
720
730
732
735
737
738
739
749
753
759
775
789
791
794
801
802
809
815
817
818
821
824
826
833
839
844
850
851
856
860
863
865
867
875
900
902
915
919
923
944
951
960
964
965
966
967
974
987
991
997
998
1003
1011
1012
1021
1026
1041
1043
1044
1050
1051
1055
1061
1064
1065
1071
1075
1081
1089
1092
1122
1125
1126
1127
1129
1130
1140
1142
1150
1151
1154
1156
1157
1166
1167
1169
1174
1176
1190
1212
1219
1223
1241
1251
1258
1265
1267
1274
1289
1310
1314
1316
1324
1332
1339
1341
1351
1356
1361
1362
1371
1372
1375
1376
1379
1382
1383
1384
1392
1401
1402
1409
1414
1418
1420
1421
1423
1434
1437
1438
1442
1448
1471
1472
1474
1479
1480
1490
1499
1507
1514
1528
1529
1537
1538
1540
1543
1544
1564
1565
1577
1583
1587
1589
1593
1609
1614
1617
1625
1627
1628
1630
1633
1635
1649
1652
1661
1662
1683
1684
1686
1689
1709
1711
1712
1725
1730
1735
1736
1741
1742
1746
1749
1754
1759
1764
1766
1771
1778
1793
1805
1806
1809
1811
1834
1838
1841
1843
1845
1848
1851
1854
1886
1893
1897
1898
1899
1901
1910
1911
1913
1917
1918
1923
1924
1930
1931
1932
1935
1937
1941
1944
1948
1954
1955
1971
1978
1981
1982
1994
2000
2013
2015
2019
2023
2024
2029
2041
2042
2054
2059
2069
2074
2081
2093
2118
2121
2122
2141
2142
2143
2164
2165
2168
2172
2179
2183
2185
2191
2199
2210
2216
2226
2227
2236
2255
2260
2262
2270
2272
2279
2280
2295
2303
2316
2327
2330
2332
2339
2347
2350
2351
2353
2358
2369
2370
2374
2387
2393
2394
2395
2403
2428
2430
2456
2459
2461
2465
2469
2471
2472
2480
2481
2487
2488
2492
2504
2510
2514
2516
2518
2546
2562
2569
2575
2590
2598
2613
2620
2621
2624
2625
2626
2635
2639
2647
2651
2655
2659
2662
2666
2677
2684
2688
2699
2701
2713
2723
2726
2741
2743
2751
2754
2758
2771
2775
2776
2790
2792
2795
2799
2801
2804
2808
2813
2818
2828
2833
2839
2841
2851
2854
2858
2860
2884
2887
2895
2896
2902
2910
2927
2937
2938
2944
2948
2950
2951
2959
2960
2967
2975
2984
2985
2988
2989
2991
2995
3001
3005
3006
3016
3021
3026
3029
3033
3039
3046
3048
3051
3061
3078
3082
3091
3094
3096
3102
3105
3107
3108
3110
3119
3123
3129
3131
3141
3151
3158
3164
3165
3166
3169
3172
3180
3191
3193
3205
3213
3214
3217
3238
3243
3251
3256
3260
3266
3267
3268
3278
3298
3304
3306
3307
3318
3329
3331
3344
3358
3359
3367
3371
3385
3389
3412
3440
3442
3450
3454
3461
3464
3478
3479
3480
3481
3493
3494
3495
3501
3503
3510
3516
3527
3529
3532
3536
3537
3543
3547
3566
3571
3580
3583
3585
3586
3587
3596
3602
3613
3615
3620
3631
3638
3641
3642
3662
3667
3679
3695
3696
3698
3716
3719
3724
3726
3728
3736
3753
3759
3760
3768
3771
3779
3782
3785
3790
3793
3796
3805
3810
3814
3815
3817
3820
3823
3824
3837
3857
3862
3891
3899
3911
3912
3919
3926
3929
3938
3941
3942
3945
3946
3958
3959
3969
3979
3987
3991
3998
4003
4027
4030
4048
4052
4055
4057
4058
4059
4061
4072
4079
4082
4086
4088
4094
4095
4102
4105
4107
4109
4114
4118
4120
4125
4127
4129
4140
4148
4152
4153
4157
4158
4163
4181
4183
4184
4185
4194
4200
4205
4210
4211
4212
4229
4242
4243
4262
4266
4272
4275
4279
4290
4297
4299
4303
4306
4308
4313
4317
4320
4321
4326
4335
4343
4357
4364
4367
4377
4380
4388
4394
4397
4406
4415
4416
4428
4431
4435
4456
4460
4463
4464
4470
4483
4489
4490
4491
4498
4500
4511
4515
4522
4524
4525
4528
4530
4542
4547
4548
4551
4554
4555
4556
4562
4565
4574
4589
4592
4620
4622
4623
4625
4630
4639
4653
4670
4671
4678
4689
4690
4698
4702
4710
4718
4722
4724
4729
4736
4737
4739
4740
4742
4743
4744
4746
4750
4752
4763
4765
4767
4785
4787
4804
4809
4812
4832
4836
4840
4849
4854
4869
4872
4886
4891
4897
4903
4907
4912
4915
4934
4939
4951
4963
4973
4981
4985
4992
4996
