4
31
45
145
184
214
446
466
654
663
665
692
772
793
860
873
914
1104
1125
1152
1203
1248
1283
1286
1423
1436
1468
1477
1560
1607
1622
1661
1816
1855
1885
2042
2052
2142
2211
2231
2331
2352
2426
2545
2649
2710
2774
2776
2798
2833
2859
2889
2902
2990
3080
3202
3236
3315
3371
3399
3462
3492
3506
3675
3834
3857
3873
3884
3895
3972
3999
4107
4390
4427
4446
4449
4529
4539
4548
4592
4669
4719
4764
4794
4796
4825
4827
4968
5080
5149
5179
5180
5316
5476
5496
5520
5607
5899
5906
5924
5932
5939
5961
5989
6004
6015
6055
6136
6144
6157
6225
6400
6502
6558
6562
6575
6616
6618
6644
6728
6779
6827
6837
6840
6847
6887
6897
6907
6916
6964
6986
6992
7066
7082
7109
7148
7155
7179
7182
7193
7204
7277
7333
7368
7394
7422
7434
7454
7489
7498
7499
7581
7644
7670
7700
7737
7781
7785
7795
7832
7849
7854
7931
7992
7998
8000
8020
8043
8098
8110
8147
8166
8227
8266
8305
8307
8333
8444
8447
8485
8567
8641
8720
8754
8788
8861
8926
9009
9026
9074
9143
9217
9257
9349
9484
9488
9620
9635
9707
9748
9757
9774
9816
9931
9976
10020
10031
10321
10324
10358
10471
10530
10559
10591
10704
10867
10902
10959
11030
11054
11066
11074
11106
11164
11171
11184
11212
11236
11266
11309
11350
11441
11465
11486
11515
11570
11619
11688
11749
11851
11860
11924
12008
12084
12093
12108
12128
12131
12195
12229
12253
12503
12527
12565
12568
12586
12643
12690
12714
12737
12762
12795
13159
13162
13181
13188
13249
13269
13358
13447
13504
13566
13724
13777
13866
13989
14134
14139
14171
14391
14429
14481
14486
14516
14535
14648
14705
14731
14783
14860
14909
14912
14924
14933
14946
14955
14958
14978
