17
18
29
38
47
51
56
59
72
82
85
93
103
115
126
127
131
136
160
162
165
168
170
180
189
190
200
219
243
245
262
264
270
278
283
285
295
299
332
347
348
377
387
404
410
432
437
439
444
445
446
451
460
463
479
480
490
505
511
518
523
554
571
588
590
592
594
598
605
617
626
629
645
648
653
663
686
691
704
706
712
717
721
725
727
746
754
758
770
779
796
801
807
809
818
820
832
837
845
856
866
869
874
885
889
897
899
901
919
926
945
974
985
1001
1010
1011
1032
1051
1054
1066
1068
1069
1072
1080
1111
1114
1128
1141
1153
1168
1169
1188
1191
1196
1198
1211
1212
1219
1243
1257
1262
1269
1271
1272
1274
1278
1281
1289
1292
1295
1303
1315
1318
1325
1327
1329
1333
1341
1353
1362
1364
1369
1376
1385
1387
1397
1419
1444
1452
1453
1463
1479
1487
1507
1508
1513
1521
1539
1545
1548
1556
1560
1583
1590
1593
1596
1612
1629
1637
1649
1676
1680
1726
1731
1751
1752
1773
1776
1801
1817
1822
1833
1836
1843
1847
1850
1853
1858
1877
1879
1893
1906
1918
1921
1931
1934
1963
1968
1969
1971
2003
2004
2011
2014
2032
2058
2060
2065
2080
2088
2093
2102
2109
2112
2114
2121
2122
2146
2150
2158
2167
2172
2178
2187
2208
2209
2222
2225
2226
2230
2237
2246
2258
2275
2299
2303
2306
2339
2349
2350
2352
2359
2376
2377
2393
2407
2418
2434
2447
2463
2469
2484
2489
2491
2500
2504
2506
2508
2509
2514
2530
2531
2538
2556
2590
2600
2604
2618
2628
2629
2653
2654
2655
2695
2703
2707
2712
2728
2739
2740
2743
2749
2752
2753
2766
2767
2783
2792
2807
2815
2817
2822
2829
2838
2870
2880
2897
2951
2968
2975
2978
2983
2988
2998
3007
3009
3017
3028
3034
3039
3045
3061
3062
3068
3072
3115
3120
3124
3132
3150
3152
3156
3163
3173
3177
3183
3189
3197
3199
3214
3220
3247
3254
3284
3296
3305
3309
3316
3328
3341
3354
3361
3383
3391
3404
3418
3422
3425
3426
3433
3434
3437
3442
3445
3461
3464
3465
3473
3498
3503
3510
3526
3530
3550
3582
3583
3587
3596
3607
3610
3616
3625
3632
3635
3639
3649
3661
3665
3667
3672
3694
3697
3701
3708
3714
3723
3727
3732
3736
3744
3747
3753
3759
3761
3768
3770
3775
3792
3804
3824
3828
3837
3839
3841
3847
3862
3872
3873
3901
3902
3926
3937
3952
3953
3987
3989
3993
3998
4008
4009
4016
4027
4047
4055
4072
4077
4082
4083
4097
4104
4120
4126
4136
4151
4166
4169
4171
4181
4182
4186
4202
4206
4221
4236
4239
4242
4246
4249
4299
4301
4316
4325
4334
4335
4345
4350
4380
4404
4412
4433
4443
4449
4479
4487
4495
4505
4506
4515
4516
4519
4547
4554
4573
4587
4610
4611
4612
4619
4640
4645
4657
4670
4681
4685
4691
4715
4717
4723
4733
4737
4739
4744
4748
4751
4756
4757
4787
4789
4797
4798
4802
4807
4811
4813
4841
4845
4847
4863
4878
4885
4897
4901
4915
4918
4934
4935
4936
4943
4952
4979
4982
4993
5004
5009
5011
5013
5022
5026
5032
5033
5036
5040
5078
5087
5095
5101
5106
5113
5116
5124
5126
5129
5197
5208
5214
5219
5221
5263
5268
5273
5274
5278
5286
5295
5321
5335
5347
5362
5363
5368
5378
5389
5399
5402
5405
5418
5429
5450
5455
5461
5470
5489
5495
5496
5498
5513
5522
5534
5547
5559
5605
5616
5618
5621
5623
5634
5638
5639
5658
5659
5664
5668
5680
5682
5692
5695
5702
5708
5711
5712
5718
5720
5724
5744
5757
5786
5789
5797
5802
5812
5824
5830
5848
5859
5862
5863
5899
5916
5921
5922
5928
5943
5964
5996
6000
6005
6006
6010
6018
6050
6064
6092
6096
6116
6129
6150
6175
6177
6221
6230
6234
6242
6257
6270
6275
6290
6313
6322
6323
6336
6337
6348
6354
6359
6391
6392
6396
6435
6436
6450
6458
6475
6476
6489
6512
6521
6529
6534
6537
6543
6547
6550
6582
6585
6598
6604
6612
6613
6621
6624
6630
6658
6660
6664
6690
6692
6714
6715
6720
6724
6737
6738
6742
6743
6751
6755
6758
6781
6785
6798
6799
6826
6844
6848
6850
6855
6860
6864
6868
6869
6870
6872
6873
6883
6903
6910
6922
6931
6937
6944
6953
6960
6967
6974
6987
6993
7004
7013
7022
7030
7035
7043
7044
7063
7066
7069
7081
7085
7090
7115
7135
7140
7143
7161
7163
7164
7177
7185
7190
7201
7216
7227
7230
7242
7243
7258
7267
7276
7288
7296
7298
7300
7303
7309
7313
7330
7335
7338
7345
7346
7356
7367
7370
7380
7397
7408
7413
7437
7447
7449
7450
7469
7472
7484
7493
7497
7499
7502
7505
7513
7523
7531
7532
7534
7552
7554
7555
7578
7593
7613
7616
7619
7626
7642
7658
7666
7667
7668
7672
7683
7684
7691
7696
7705
7711
7716
7731
7749
7772
7774
7775
7779
7786
7787
7791
7798
7806
7842
7845
7852
7863
7877
7891
7896
7901
7904
7911
7917
7926
7927
7956
7991
7993
7995
8002
8015
8020
8024
8031
8034
8056
8059
8067
8073
8074
8076
8077
8089
8105
8145
8146
8147
8156
8162
8177
8205
8269
8271
8274
8279
8286
8291
8292
8296
8326
8343
8345
8363
8381
8394
8398
8401
8410
8411
8417
8418
8426
8428
8447
8462
8467
8480
8488
8502
8506
8510
8531
8536
8542
8554
8556
8559
8566
8571
8583
8591
8609
8631
8632
8633
8652
8653
8657
8682
8687
8691
8696
8704
8705
8709
8726
8729
8738
8749
8760
8761
8769
8777
8790
8799
8803
8823
8827
8837
8839
8857
8861
8868
8877
8880
8885
8889
8891
8904
8911
8912
8924
8952
8956
8959
8973
8978
8991
9003
9012
9022
9025
9026
9037
9068
9086
9092
9095
9103
9115
9116
9117
9124
9140
9142
9144
9148
9154
9166
9168
9170
9175
9181
9205
9212
9217
9226
9230
9233
9240
9252
9270
9276
9282
9288
9292
9301
9306
9308
9314
9315
9319
9320
9332
9347
9369
9372
9380
9387
9389
9406
9420
9431
9437
9439
9463
9465
9471
9488
9491
9494
9498
9504
9513
9521
9523
9529
9531
9533
9541
9552
9554
9558
9563
9564
9567
9582
9601
9602
9619
9625
9626
9631
9632
9633
9638
9640
9678
9692
9703
9733
9734
9736
9759
9766
9799
9800
9809
9840
9845
9858
9869
9870
9873
9907
9912
9915
9918
9926
9940
9951
9954
9955
9988
9989
9996
10006
10007
10016
10022
10029
10052
10067
10074
10091
10095
10099
10113
10118
10120
10128
10131
10137
10144
10149
10184
10200
10204
10208
10219
10227
10228
10236
10240
10247
10248
10257
10268
10270
10272
10279
10287
10295
10303
10322
10324
10329
10332
10335
10354
10362
10364
10365
10366
10377
10392
10404
10420
10436
10438
10446
10448
10451
10460
10489
10490
10501
10502
10503
10512
10513
10540
10542
10546
10549
10574
10577
10584
10590
10595
10597
10602
10605
10617
10644
10646
10649
10661
10662
10665
10677
10679
10714
10727
10736
10746
10755
10767
10802
10817
10822
10827
10834
10846
10848
10878
10888
10904
10909
10924
10929
10943
10953
10960
10971
10984
10997
11002
11012
11014
11034
11037
11049
11052
11060
11067
11104
11113
11123
11129
11141
11147
11151
11159
11174
11192
11204
11205
11206
11210
11218
11227
11230
11231
11243
11258
11259
11265
11274
11285
11288
11294
11305
11306
11329
11335
11382
11388
11389
11397
11398
11401
11412
11413
11417
11420
11423
11426
11436
11441
11450
11473
11476
11499
11500
11502
11516
11518
11534
11537
11554
11568
11593
11617
11618
11629
11646
11661
11664
11675
11682
11690
11697
11707
11719
11767
11776
11787
11789
11790
11793
11801
11802
11803
11810
11818
11820
11848
11856
11863
11864
11869
11881
11895
11912
11922
11930
11932
11953
11960
11977
11996
12001
12022
12042
12044
12075
12083
12096
12101
12156
12164
12166
12174
12176
12186
12191
12192
12209
12216
12239
12252
12266
12278
12288
12289
12296
12297
12300
12304
12306
12329
12331
12338
12354
12357
12373
12385
12394
12406
12408
12414
12438
12443
12452
12458
12459
12472
12487
12490
12497
12507
12512
12530
12533
12549
12557
12558
12563
12570
12587
12620
12624
12627
12633
12635
12637
12643
12646
12652
12659
12681
12703
12715
12732
12758
12767
12771
12773
12810
12815
12842
12882
12886
12887
12889
12894
12906
12911
12925
12933
12938
12943
12953
12965
12967
12972
12984
12989
12992
13001
13007
13009
13019
13023
13025
13030
13036
13051
13074
13075
13092
13095
13113
13143
13145
13158
13171
13173
13176
13192
13193
13195
13204
13216
13222
13223
13226
13232
13247
13248
13251
13259
13279
13288
13289
13292
13300
13308
13313
13326
13333
13345
13352
13353
13356
13368
13374
13377
13381
13385
13409
13415
13426
13432
13442
13443
13448
13465
13469
13496
13508
13520
13546
13553
13554
13555
13561
13567
13628
13636
13639
13641
13644
13645
13648
13652
13674
13679
13681
13683
13684
13697
13698
13715
13727
13736
13738
13741
13753
13766
13767
13781
13803
13819
13837
13845
13846
13862
13876
13877
13881
13882
13892
13900
13909
13915
13941
13950
13953
13960
13986
13993
13998
14003
14007
14012
14017
14038
14039
14044
14046
14055
14062
14090
14099
14128
14131
14155
14156
14161
14165
14170
14173
14180
14194
14198
14208
14233
14235
14242
14250
14252
14256
14274
14295
14305
14356
14363
14365
14375
14379
14389
14395
14405
14408
14428
14430
14437
14441
14465
14481
14483
14494
14498
14512
14527
14532
14546
14556
14575
14578
14581
14586
14590
14595
14598
14611
14612
14629
14633
14642
14643
14644
14656
14676
14684
14690
14694
14695
14698
14704
14706
14722
14736
14739
14753
14760
14790
14798
14810
14812
14825
14827
14843
14861
14880
14897
14901
14903
14918
14937
14951
14958
14960
14975
14991
14996
