5
6
7
9
11
13
14
17
18
19
22
23
24
25
26
27
29
30
32
33
34
35
37
38
39
40
41
42
43
47
48
49
50
51
54
57
59
61
62
63
64
68
69
70
75
76
79
80
82
83
84
86
88
90
91
92
94
95
96
97
98
101
103
104
105
106
111
112
118
121
122
123
124
125
127
128
130
131
132
133
135
136
138
139
140
141
142
143
144
146
147
148
149
150
151
155
157
158
161
162
164
165
169
170
172
173
175
176
178
179
180
183
184
186
188
189
193
195
197
199
200
201
202
203
204
207
208
209
210
212
215
216
217
218
220
221
222
224
225
230
231
233
234
235
238
241
242
243
244
245
246
247
248
249
252
253
254
256
258
259
260
262
263
264
265
267
268
270
271
272
273
275
276
277
278
280
282
283
284
286
287
288
289
292
293
294
295
296
297
299
300
301
302
303
304
306
307
308
311
313
314
317
318
319
320
321
323
324
325
326
327
328
329
330
331
332
334
335
336
337
338
343
344
345
347
348
349
350
351
353
354
356
357
360
361
362
363
364
365
366
367
368
369
370
371
372
373
374
375
376
382
390
391
393
394
395
397
398
399
400
402
403
404
406
411
413
414
415
416
417
418
419
420
421
424
426
427
428
431
432
433
434
435
436
437
438
440
442
443
444
446
448
449
451
453
454
455
456
457
458
460
462
464
466
468
469
470
474
476
477
478
479
480
481
483
484
487
488
489
490
492
493
494
495
496
499
501
504
505
507
509
511
512
513
517
519
520
521
522
525
527
528
529
530
532
535
536
538
539
540
542
543
544
547
549
550
552
554
556
557
559
560
563
565
567
568
570
573
576
577
578
579
581
583
584
585
586
587
588
589
591
592
593
595
597
602
603
604
606
607
610
611
612
616
621
622
623
625
626
628
629
631
632
633
634
635
638
642
643
647
648
651
652
653
654
655
656
659
660
661
662
664
666
667
668
670
671
672
673
674
675
678
679
681
683
684
686
687
689
691
692
694
695
697
700
701
702
703
707
709
710
711
714
715
717
718
721
725
726
727
729
730
731
732
733
737
739
742
744
745
748
749
751
753
755
757
758
759
760
761
762
763
764
765
766
768
769
771
772
773
777
778
779
781
782
789
790
791
794
796
797
798
800
802
804
805
808
809
811
813
814
815
817
818
821
822
823
825
827
828
829
831
834
835
837
839
840
841
842
843
844
846
850
851
852
854
855
858
860
861
862
863
864
865
866
867
870
871
872
873
877
878
879
880
881
882
886
887
890
891
892
894
896
898
902
905
906
907
909
910
911
912
914
915
916
917
920
921
923
926
928
932
935
937
941
942
943
944
945
946
947
949
951
952
954
960
964
966
967
968
970
971
972
975
976
978
979
985
986
989
990
991
995
997
998
1000
1001
1003
1009
1010
1011
1013
1016
1017
1018
1019
1023
1027
1028
1029
1031
1032
1033
1035
1037
1038
1040
1041
1042
1043
1044
1045
1048
1050
1051
1052
1053
1055
1057
1058
1060
1061
1062
1063
1064
1065
1067
1068
1069
1070
1071
1074
1076
1077
1079
1080
1083
1085
1087
1088
1091
1094
1095
1096
1099
1100
1101
1102
1103
1104
1107
1109
1111
1112
1113
1115
1116
1117
1118
1119
1121
1122
1123
1125
1126
1127
1128
1130
1133
1136
1139
1142
1144
1145
1146
1148
1150
1151
1153
1154
1157
1158
1159
1161
1162
1163
1164
1165
1166
1167
1168
1170
1172
1173
1174
1175
1176
1178
1180
1181
1182
1184
1187
1189
1190
1191
1193
1194
1195
1196
1198
1199
1200
1202
1203
1204
1206
1207
1208
1211
1212
1213
1214
1215
1216
1220
1222
1226
1228
1229
1230
1231
1232
1233
1237
1238
1239
1241
1242
1243
1244
1245
1247
1249
1250
1253
1254
1255
1256
1258
1259
1260
1261
1262
1263
1265
1266
1267
1268
1269
1270
1271
1272
1276
1277
1278
1279
1280
1284
1285
1286
1288
1289
1290
1291
1293
1297
1298
1300
1301
1302
1304
1305
1306
1307
1308
1310
1311
1312
1314
1315
1320
1321
1323
1326
1327
1330
1331
1332
1333
1334
1335
1336
1337
1339
1341
1342
1343
1344
1345
1347
1348
1350
1351
1352
1353
1354
1357
1358
1360
1362
1363
1364
1365
1367
1371
1372
1374
1375
1376
1379
1380
1385
1386
1387
1388
1393
1394
1398
1399
1400
1401
1403
1406
1407
1409
1410
1411
1412
1414
1415
1416
1418
1419
1420
1422
1425
1429
1430
1432
1434
1437
1440
1441
1442
1444
1446
1450
1454
1455
1458
1459
1460
1461
1464
1466
1467
1468
1469
1471
1472
1474
1475
1476
1477
1478
1479
1480
1481
1482
1487
1488
1489
1490
1491
1493
1495
1496
1497
1498
1500
1501
1505
1506
1509
1510
1511
1514
1515
1516
1518
1519
1520
1522
1524
1527
1529
1532
1533
1534
1537
1538
1539
1540
1541
1546
1547
1548
1549
1550
1551
1552
1553
1554
1556
1558
1559
1560
1561
1562
1563
1564
1565
1566
1568
1569
1571
1572
1573
1574
1577
1581
1583
1584
1586
1588
1589
1592
1593
1594
1596
1597
1598
1599
1600
1601
1605
1606
1609
1610
1611
1613
1616
1617
1618
1619
1623
1626
1630
1631
1633
1634
1638
1639
1644
1645
1646
1648
1651
1652
1653
1654
1655
1657
1658
1661
1662
1666
1668
1669
1670
1671
1672
1673
1677
1678
1679
1682
1683
1684
1685
1687
1688
1689
1693
1694
1695
1696
1697
1698
1700
1702
1703
1704
1705
1706
1707
1708
1710
1711
1712
1714
1715
1716
1718
1719
1721
1722
1723
1724
1725
1726
1727
1728
1729
1730
1731
1734
1736
1737
1738
1739
1741
1743
1745
1746
1747
1749
1753
1755
1758
1762
1763
1764
1768
1772
1774
1775
1776
1777
1778
1779
1780
1782
1784
1785
1786
1787
1788
1791
1792
1793
1796
1797
1802
1803
1805
1807
1808
1809
1810
1811
1813
1814
1817
1819
1820
1821
1822
1823
1824
1826
1827
1828
1830
1831
1832
1833
1834
1835
1836
1837
1838
1839
1841
1842
1843
1845
1847
1850
1852
1853
1854
1855
1857
1859
1860
1861
1863
1864
1866
1867
1868
1869
1871
1872
1874
1875
1876
1879
1880
1881
1882
1883
1885
1888
1889
1890
1891
1892
1893
1894
1895
1899
1900
1902
1903
1905
1908
1909
1910
1911
1914
1915
1917
1918
1919
1920
1921
1922
1923
1924
1925
1926
1927
1928
1929
1931
1933
1935
1937
1938
1939
1940
1943
1944
1945
1946
1947
1948
1949
1950
1952
1953
1954
1956
1957
1959
1960
1966
1968
1971
1972
1973
1975
1976
1977
1978
1979
1980
1981
1982
1983
1984
1986
1988
1994
1995
1996
1998
1999
2000
2001
2003
2006
2007
2008
2009
2010
2011
2012
2013
2014
2015
2016
2019
2021
2023
2024
2027
2029
2031
2033
2034
2035
2037
2038
2039
2040
2042
2043
2044
2045
2046
2047
2048
2051
2052
2053
2055
2056
2057
2058
2059
2061
2062
2063
2066
2068
2069
2070
2072
2075
2076
2077
2078
2081
2083
2084
2086
2087
2088
2090
2091
2092
2093
2094
2096
2097
2099
2100
2101
2102
2105
2107
2108
2110
2111
2112
2113
2115
2116
2117
2118
2119
2122
2124
2125
2126
2127
2130
2131
2136
2137
2138
2141
2145
2146
2148
2149
2150
2151
2152
2153
2155
2156
2157
2159
2160
2162
2163
2164
2165
2166
2167
2168
2170
2171
2172
2173
2175
2177
2178
2180
2181
2184
2185
2186
2188
2189
2190
2193
2194
2195
2196
2197
2200
2201
2203
2207
2208
2209
2210
2211
2214
2216
2217
2218
2219
2220
2222
2223
2225
2227
2229
2231
2233
2234
2235
2236
2238
2239
2240
2242
2243
2245
2246
2250
2252
2253
2254
2256
2258
2260
2261
2262
2264
2267
2269
2273
2274
2275
2276
2277
2278
2279
2280
2281
2283
2285
2286
2288
2290
2292
2294
2295
2297
2299
2300
2301
2303
2305
2307
2308
2309
2311
2312
2315
2317
2318
2320
2321
2323
2324
2325
2326
2329
2330
2334
2336
2337
2340
2343
2344
2345
2346
2348
2349
2350
2351
2352
2355
2356
2360
2362
2363
2364
2365
2368
2369
2375
2377
2380
2382
2384
2385
2389
2390
2391
2392
2393
2394
2396
2397
2398
2399
2401
2403
2404
2406
2408
2410
2411
2412
2414
2415
2417
2418
2419
2420
2421
2423
2424
2428
2430
2431
2432
2433
2434
2435
2436
2437
2438
2439
2440
2442
2443
2444
2446
2447
2451
2452
2454
2455
2460
2461
2462
2463
2465
2466
2469
2470
2471
2472
2473
2474
2475
2477
2478
2479
2480
2483
2485
2486
2487
2488
2490
2491
2493
2494
2495
2496
2498
2500
2502
2503
2504
2505
2506
2507
2508
2509
2510
2514
2515
2517
2522
2524
2526
2527
2529
2530
2531
2532
2533
2534
2537
2540
2541
2542
2543
2544
2545
2546
2547
2549
2551
2553
2554
2555
2556
2561
2563
2564
2567
2568
2572
2573
2574
2575
2576
2577
2578
2579
2581
2582
2584
2585
2588
2589
2590
2591
2593
2594
2595
2596
2597
2598
2600
2601
2602
2603
2604
2605
2606
2609
2611
2615
2616
2617
2619
2620
2624
2626
2629
2630
2631
2632
2633
2634
2635
2638
2639
2640
2641
2642
2643
2644
2647
2648
2650
2652
2655
2656
2657
2658
2659
2660
2662
2663
2665
2667
2672
2673
2674
2675
2677
2678
2679
2681
2683
2684
2686
2687
2688
2691
2692
2694
2695
2696
2697
2698
2701
2702
2703
2704
2705
2706
2707
2710
2711
2712
2714
2715
2716
2717
2718
2719
2721
2724
2726
2728
2729
2730
2731
2732
2733
2735
2736
2737
2738
2739
2740
2741
2742
2743
2745
2747
2749
2750
2753
2754
2755
2756
2759
2760
2761
2762
2763
2764
2766
2767
2768
2769
2770
2772
2775
2776
2777
2778
2781
2782
2783
2786
2787
2788
2789
2790
2791
2792
2793
2797
2799
2801
2803
2804
2806
2807
2808
2811
2812
2814
2815
2816
2820
2821
2822
2823
2824
2825
2827
2828
2831
2835
2836
2837
2839
2840
2841
2845
2847
2851
2853
2855
2856
2857
2859
2860
2861
2862
2863
2864
2865
2868
2869
2871
2872
2874
2875
2876
2879
2880
2883
2884
2886
2887
2888
2890
2891
2892
2893
2895
2899
2902
2903
2904
2905
2907
2909
2910
2912
2915
2916
2918
2919
2920
2921
2922
2923
2924
2925
2926
2929
2930
2931
2933
2935
2936
2937
2939
2941
2942
2944
2945
2946
2947
2948
2952
2954
2957
2958
2959
2961
2963
2964
2965
2967
2969
2970
2971
2973
2975
2979
2980
2981
2982
2983
2984
2985
2986
2987
2988
2990
2991
2992
2993
2994
2995
2997
3000
3001
3002
3003
3004
3005
3006
3007
3008
3010
3011
3012
3014
3015
3016
3017
3019
3021
3022
3024
3025
3026
3030
3033
3034
3035
3036
3039
3041
3042
3045
3046
3048
3049
3050
3053
3054
3055
3056
3057
3063
3064
3066
3069
3070
3071
3072
3073
3074
3075
3077
3078
3081
3083
3084
3089
3090
3092
3094
3095
3097
3098
3100
3101
3105
3106
3108
3110
3111
3112
3113
3114
3116
3119
3120
3122
3123
3125
3129
3130
3132
3133
3134
3135
3136
3139
3142
3144
3145
3148
3150
3151
3153
3154
3156
3157
3159
3160
3161
3162
3163
3167
3168
3169
3171
3173
3175
3177
3178
3180
3181
3182
3183
3185
3186
3187
3190
3192
3193
3195
3197
3199
3203
3209
3210
3211
3213
3214
3215
3218
3221
3224
3225
3230
3231
3232
3233
3234
3236
3237
3240
3241
3242
3243
3244
3245
3246
3247
3248
3250
3252
3254
3255
3258
3259
3260
3262
3263
3264
3265
3266
3267
3268
3269
3271
3272
3274
3276
3277
3279
3280
3281
3284
3285
3287
3288
3294
3296
3300
3302
3304
3306
3307
3309
3310
3312
3314
3316
3317
3318
3320
3321
3323
3324
3325
3327
3329
3330
3331
3332
3334
3335
3336
3339
3341
3342
3343
3345
3348
3349
3351
3352
3353
3357
3360
3361
3363
3364
3365
3367
3368
3370
3372
3373
3374
3376
3378
3379
3380
3381
3382
3383
3384
3385
3389
3396
3397
3398
3399
3400
3401
3402
3403
3404
3406
3409
3410
3412
3413
3414
3417
3421
3423
3425
3426
3427
3428
3429
3430
3431
3432
3433
3435
3437
3439
3441
3448
3451
3452
3453
3454
3455
3456
3457
3458
3459
3462
3463
3464
3465
3466
3467
3468
3469
3470
3472
3474
3475
3478
3479
3480
3481
3484
3485
3486
3489
3490
3491
3492
3494
3495
3496
3497
3498
3500
3501
3502
3504
3507
3510
3511
3512
3514
3517
3518
3521
3523
3524
3525
3526
3528
3529
3530
3531
3533
3534
3535
3536
3538
3539
3540
3541
3542
3543
3546
3548
3550
3552
3554
3556
3557
3558
3559
3563
3564
3567
3568
3569
3572
3574
3575
3576
3577
3583
3584
3585
3586
3590
3591
3592
3593
3595
3597
3598
3600
3602
3603
3604
3609
3610
3611
3612
3613
3614
3615
3616
3617
3618
3620
3621
3622
3623
3624
3625
3628
3629
3630
3631
3632
3637
3638
3640
3641
3642
3644
3645
3646
3647
3648
3649
3654
3656
3657
3659
3660
3661
3662
3663
3664
3668
3669
3670
3671
3672
3679
3682
3683
3684
3685
3686
3688
3689
3690
3691
3692
3693
3694
3696
3697
3698
3699
3700
3701
3703
3704
3705
3707
3708
3709
3710
3712
3713
3715
3716
3719
3720
3721
3722
3723
3724
3725
3727
3729
3731
3732
3734
3735
3737
3738
3743
3744
3745
3749
3751
3755
3756
3757
3758
3759
3761
3762
3763
3765
3766
3767
3771
3773
3775
3777
3778
3782
3783
3784
3788
3790
3791
3792
3793
3795
3796
3800
3801
3802
3804
3805
3806
3808
3812
3814
3815
3816
3817
3818
3820
3822
3824
3825
3826
3827
3828
3829
3830
3833
3834
3835
3836
3839
3840
3842
3843
3844
3847
3848
3849
3851
3852
3853
3856
3857
3859
3863
3864
3865
3868
3869
3870
3874
3875
3876
3879
3880
3881
3885
3886
3887
3889
3890
3891
3893
3895
3897
3899
3901
3902
3903
3904
3905
3909
3910
3917
3918
3921
3924
3925
3927
3928
3932
3933
3934
3935
3938
3941
3943
3947
3948
3949
3951
3952
3954
3955
3956
3958
3959
3961
3962
3964
3965
3966
3968
3969
3971
3972
3974
3975
3976
3978
3980
3981
3985
3986
3987
3989
3992
3993
3995
3996
3997
3999
4000
4001
4002
4003
4004
4006
4007
4008
4009
4010
4012
4014
4015
4016
4017
4021
4024
4025
4026
4028
4030
4032
4033
4034
4036
4037
4038
4040
4041
4042
4043
4045
4046
4048
4049
4050
4053
4055
4056
4057
4058
4059
4060
4061
4062
4063
4064
4065
4069
4070
4071
4072
4074
4075
4076
4080
4081
4082
4083
4085
4086
4087
4088
4090
4091
4092
4094
4095
4096
4097
4099
4100
4101
4102
4103
4108
4109
4110
4113
4114
4115
4116
4117
4118
4120
4121
4122
4124
4125
4126
4129
4131
4132
4134
4135
4137
4139
4140
4142
4144
4146
4147
4148
4151
4153
4155
4156
4157
4158
4160
4164
4165
4166
4168
4169
4170
4171
4172
4173
4175
4176
4177
4178
4181
4182
4185
4186
4187
4189
4192
4195
4198
4201
4203
4204
4205
4206
4208
4209
4211
4212
4213
4214
4216
4217
4219
4220
4222
4224
4226
4227
4229
4230
4234
4236
4239
4240
4241
4243
4244
4245
4247
4249
4250
4251
4252
4253
4254
4256
4258
4262
4263
4264
4267
4268
4270
4271
4273
4275
4276
4278
4279
4281
4284
4286
4287
4288
4290
4291
4292
4295
4297
4298
4299
4300
4302
4305
4306
4307
4308
4309
4312
4313
4314
4315
4317
4320
4321
4322
4324
4325
4326
4328
4329
4330
4331
4332
4334
4335
4337
4339
4340
4341
4342
4345
4349
4350
4351
4352
4354
4358
4359
4362
4363
4365
4366
4367
4368
4370
4371
4372
4374
4376
4377
4378
4380
4381
4383
4387
4388
4390
4391
4393
4395
4399
4401
4403
4405
4407
4408
4411
4412
4414
4416
4419
4423
4424
4425
4426
4428
4429
4430
4432
4437
4439
4440
4444
4445
4447
4449
4450
4453
4454
4456
4458
4459
4460
4461
4463
4464
4465
4466
4467
4468
4469
4471
4472
4476
4477
4478
4479
4480
4481
4482
4484
4485
4488
4489
4490
4491
4492
4493
4494
4495
4496
4500
4501
4505
4506
4507
4508
4509
4510
4513
4515
4516
4517
4518
4519
4520
4521
4522
4523
4527
4528
4529
4531
4532
4534
4536
4537
4538
4539
4541
4542
4545
4546
4549
4551
4553
4555
4558
4560
4563
4566
4567
4568
4569
4572
4573
4575
4576
4578
4579
4580
4581
4582
4583
4585
4588
4589
4590
4591
4592
4594
4596
4598
4601
4602
4603
4604
4605
4607
4608
4609
4610
4611
4613
4614
4615
4616
4621
4622
4624
4625
4626
4628
4629
4630
4631
4632
4635
4639
4640
4642
4643
4645
4646
4647
4648
4654
4656
4657
4658
4660
4661
4662
4663
4665
4666
4667
4668
4669
4670
4671
4672
4673
4674
4675
4676
4677
4678
4679
4680
4681
4682
4683
4684
4686
4688
4691
4692
4694
4695
4699
4700
4703
4704
4706
4707
4708
4709
4714
4715
4719
4723
4724
4726
4727
4729
4732
4733
4736
4738
4741
4742
4744
4746
4747
4748
4749
4751
4752
4753
4754
4755
4757
4758
4759
4760
4761
4762
4763
4766
4768
4769
4770
4772
4773
4774
4778
4779
4781
4784
4786
4789
4790
4791
4793
4794
4795
4796
4798
4799
4800
4802
4803
4804
4805
4806
4807
4810
4812
4813
4814
4815
4817
4819
4820
4821
4822
4825
4826
4830
4831
4832
4836
4837
4839
4840
4841
4843
4844
4846
4847
4849
4850
4851
4854
4856
4857
4858
4859
4860
4865
4866
4867
4868
4869
4871
4872
4874
4877
4879
4880
4881
4884
4885
4887
4888
4890
4895
4896
4898
4899
4900
4902
4904
4906
4907
4910
4911
4912
4913
4914
4915
4916
4917
4918
4920
4923
4925
4927
4932
4933
4934
4935
4937
4938
4939
4941
4942
4943
4944
4945
4946
4947
4949
4950
4951
4952
4953
4954
4956
4957
4959
4960
4961
4962
4963
4966
4967
4968
4969
4970
4974
4975
4978
4980
4981
4988
4989
4991
4993
4994
4996
4997
4998
4999
5000
5001
5003
5004
5007
5008
5009
5013
5014
5016
5018
5024
5026
5027
5029
5031
5033
5035
5036
5037
5038
5040
5041
5042
5043
5046
5047
5049
5050
5051
5052
5054
5057
5058
5062
5063
5066
5069
5070
5072
5075
5076
5078
5079
5080
5081
5082
5083
5085
5087
5089
5091
5092
5094
5095
5096
5097
5099
5100
5101
5103
5105
5106
5107
5108
5109
5110
5112
5114
5115
5116
5117
5119
5122
5123
5124
5125
5127
5128
5129
5132
5135
5136
5137
5140
5141
5142
5143
5145
5146
5148
5150
5152
5153
5159
5161
5164
5165
5166
5167
5168
5170
5171
5173
5174
5175
5178
5179
5181
5185
5186
5187
5190
5191
5193
5195
5196
5197
5199
5200
5201
5202
5203
5204
5205
5207
5208
5209
5210
5211
5212
5213
5214
5217
5219
5220
5221
5224
5225
5229
5230
5231
5235
5236
5241
5244
5245
5246
5247
5249
5250
5251
5253
5256
5258
5260
5262
5267
5269
5270
5271
5272
5273
5275
5276
5277
5280
5282
5283
5284
5285
5288
5289
5291
5293
5294
5295
5296
5297
5298
5299
5300
5301
5302
5303
5305
5308
5309
5310
5311
5313
5314
5315
5319
5325
5327
5328
5330
5332
5333
5336
5337
5338
5340
5342
5343
5344
5346
5347
5348
5349
5350
5351
5352
5353
5354
5355
5358
5359
5360
5361
5362
5363
5365
5367
5368
5369
5371
5372
5374
5376
5377
5381
5382
5383
5384
5385
5388
5389
5390
5391
5392
5394
5395
5396
5397
5401
5402
5404
5405
5408
5413
5415
5416
5418
5420
5421
5422
5423
5424
5425
5427
5429
5430
5432
5433
5435
5437
5438
5439
5441
5442
5444
5445
5449
5450
5451
5452
5453
5455
5456
5457
5458
5459
5461
5462
5464
5465
5467
5468
5469
5470
5471
5472
5473
5475
5479
5481
5483
5484
5485
5487
5488
5489
5491
5492
5493
5494
5495
5496
5497
5499
5500
5502
5503
5504
5505
5508
5509
5513
5514
5516
5517
5518
5519
5520
5523
5524
5526
5527
5528
5529
5530
5532
5533
5534
5535
5536
5537
5538
5539
5541
5546
5547
5548
5549
5552
5553
5556
5557
5559
5560
5561
5562
5563
5565
5566
5567
5570
5571
5572
5573
5574
5575
5576
5579
5581
5583
5584
5585
5586
5589
5592
5593
5594
5597
5601
5602
5603
5606
5607
5608
5609
5611
5612
5614
5615
5618
5619
5622
5623
5624
5626
5627
5629
5630
5631
5633
5634
5635
5636
5637
5639
5640
5641
5642
5643
5644
5645
5646
5647
5648
5650
5651
5653
5655
5656
5657
5658
5659
5660
5661
5663
5664
5665
5668
5670
5673
5674
5675
5676
5677
5678
5679
5681
5682
5683
5687
5689
5690
5691
5692
5694
5695
5699
5700
5701
5702
5703
5704
5708
5709
5710
5711
5712
5714
5715
5716
5719
5722
5725
5726
5727
5729
5730
5731
5733
5734
5735
5736
5737
5740
5741
5742
5743
5744
5746
5748
5751
5754
5757
5759
5764
5765
5767
5769
5771
5772
5773
5776
5781
5782
5783
5784
5785
5786
5788
5791
5793
5794
5796
5799
5800
5802
5803
5804
5806
5809
5810
5812
5813
5814
5815
5818
5819
5820
5821
5822
5823
5824
5826
5827
5829
5830
5832
5833
5834
5835
5836
5837
5839
5841
5842
5845
5847
5848
5849
5850
5851
5852
5854
5855
5856
5858
5860
5861
5862
5863
5864
5866
5867
5869
5870
5871
5872
5873
5876
5877
5878
5880
5881
5882
5883
5885
5887
5888
5889
5891
5894
5895
5898
5900
5902
5904
5905
5910
5911
5917
5918
5919
5920
5925
5926
5927
5929
5930
5931
5932
5933
5934
5936
5937
5938
5939
5940
5941
5944
5945
5950
5951
5952
5953
5955
5956
5957
5958
5959
5960
5961
5963
5965
5966
5968
5970
5971
5973
5974
5975
5976
5977
5978
5979
5981
5982
5983
5984
5985
5986
5987
5989
5990
5991
5992
5993
5995
5996
5998
5999
6003
6005
6007
6008
6009
6010
6012
6014
6016
6018
6019
6021
6022
6024
6026
6027
6029
6031
6032
6033
6037
6038
6039
6040
6042
6044
6045
6047
6048
6049
6050
6053
6055
6058
6059
6060
6063
6065
6066
6067
6068
6069
6070
6071
6073
6074
6076
6078
6079
6080
6081
6083
6085
6086
6087
6089
6092
6097
6100
6104
6106
6108
6109
6110
6113
6114
6116
6117
6118
6120
6122
6123
6124
6128
6129
6130
6131
6132
6133
6135
6137
6138
6139
6141
6144
6147
6149
6150
6151
6152
6153
6154
6156
6157
6158
6160
6163
6164
6165
6166
6167
6168
6169
6170
6171
6172
6174
6179
6181
6182
6184
6186
6187
6188
6190
6191
6193
6195
6196
6200
6201
6202
6203
6205
6207
6208
6209
6210
6213
6214
6215
6216
6217
6218
6219
6220
6221
6223
6224
6225
6226
6227
6228
6230
6231
6232
6233
6237
6238
6242
6244
6245
6247
6249
6250
6251
6253
6256
6257
6258
6259
6260
6261
6265
6267
6268
6270
6272
6274
6275
6276
6277
6279
6280
6281
6282
6283
6284
6288
6290
6291
6292
6293
6294
6295
6296
6297
6298
6299
6302
6303
6311
6312
6314
6316
6317
6323
6324
6325
6326
6328
6329
6330
6333
6334
6335
6336
6338
6341
6342
6343
6344
6345
6347
6348
6349
6350
6352
6354
6355
6356
6359
6360
6362
6363
6365
6367
6368
6369
6370
6371
6373
6374
6376
6379
6380
6381
6382
6383
6386
6387
6389
6390
6391
6392
6395
6396
6398
6399
6404
6405
6406
6408
6409
6411
6412
6414
6415
6416
6419
6420
6421
6423
6424
6427
6428
6429
6430
6432
6435
6436
6437
6438
6439
6440
6441
6443
6444
6446
6447
6448
6449
6450
6451
6452
6453
6454
6455
6456
6457
6458
6460
6464
6465
6468
6469
6470
6471
6472
6473
6474
6475
6476
6477
6478
6479
6480
6481
6485
6487
6488
6489
6490
6492
6493
6494
6496
6499
6501
6502
6504
6505
6506
6508
6509
6510
6511
6512
6513
6514
6517
6521
6524
6525
6526
6527
6528
6529
6530
6531
6532
6534
6535
6536
6537
6539
6540
6543
6544
6545
6546
6548
6549
6550
6553
6555
6556
6558
6560
6561
6562
6564
6565
6566
6567
6568
6569
6570
6571
6572
6573
6575
6577
6581
6582
6584
6585
6586
6591
6594
6596
6597
6598
6599
6602
6603
6604
6605
6607
6608
6609
6610
6611
6612
6613
6615
6616
6618
6620
6622
6623
6624
6625
6626
6627
6628
6629
6631
6632
6633
6634
6637
6638
6640
6641
6642
6644
6645
6646
6647
6648
6650
6651
6652
6653
6654
6657
6658
6661
6662
6667
6668
6671
6672
6674
6675
6676
6678
6679
6680
6687
6690
6691
6693
6694
6695
6696
6697
6698
6701
6702
6703
6704
6705
6706
6707
6708
6711
6714
6715
6718
6719
6720
6721
6722
6723
6727
6728
6729
6733
6738
6740
6741
6742
6745
6748
6749
6751
6752
6754
6755
6756
6758
6760
6762
6763
6766
6767
6769
6770
6771
6777
6778
6781
6782
6783
6784
6785
6786
6788
6789
6790
6793
6794
6795
6797
6798
6800
6803
6804
6805
6806
6808
6809
6811
6813
6814
6815
6816
6817
6820
6822
6824
6825
6827
6828
6830
6833
6835
6839
6840
6841
6842
6844
6845
6847
6848
6849
6850
6852
6854
6855
6857
6858
6861
6862
6863
6864
6866
6868
6869
6871
6874
6876
6879
6880
6881
6883
6884
6885
6886
6887
6888
6889
6890
6891
6892
6897
6898
6899
6900
6902
6903
6904
6905
6906
6907
6908
6909
6911
6912
6913
6914
6915
6917
6919
6920
6921
6922
6925
6926
6928
6930
6931
6933
6934
6936
6940
6941
6944
6946
6947
6948
6949
6950
6952
6954
6958
6959
6960
6961
6964
6965
6968
6969
6970
6972
6973
6974
6975
6976
6978
6979
6980
6982
6983
6984
6985
6986
6988
6989
6992
6993
6996
6997
6998
7000
7001
7002
7003
7004
7006
7007
7008
7009
7010
7011
7013
7014
7016
7019
7020
7022
7023
7024
7025
7026
7027
7029
7030
7031
7032
7037
7038
7039
7041
7046
7047
7048
7049
7051
7052
7054
7055
7061
7062
7063
7064
7065
7066
7068
7069
7070
7071
7074
7075
7076
7077
7081
7084
7085
7086
7089
7093
7094
7096
7097
7099
7100
7101
7102
7103
7104
7105
7107
7108
7109
7110
7111
7112
7113
7115
7116
7118
7120
7121
7122
7124
7125
7128
7129
7130
7131
7133
7134
7135
7138
7139
7140
7143
7145
7153
7155
7157
7158
7160
7161
7165
7166
7167
7168
7169
7170
7171
7173
7174
7175
7176
7177
7181
7182
7183
7186
7188
7189
7190
7191
7193
7194
7195
7196
7197
7198
7200
7203
7205
7208
7211
7212
7213
7214
7215
7216
7217
7218
7219
7220
7222
7223
7224
7225
7226
7227
7228
7229
7230
7231
7234
7236
7237
7238
7239
7241
7242
7243
7245
7246
7247
7252
7253
7255
7256
7257
7259
7260
7261
7262
7263
7265
7266
7268
7269
7270
7271
7272
7276
7277
7281
7284
7285
7286
7290
7292
7294
7296
7298
7301
7307
7308
7310
7311
7312
7313
7314
7315
7316
7317
7318
7319
7320
7322
7323
7324
7327
7328
7332
7333
7334
7337
7339
7340
7341
7342
7343
7344
7345
7346
7348
7350
7351
7353
7354
7355
7356
7358
7359
7360
7361
7363
7364
7366
7369
7370
7373
7374
7377
7379
7380
7381
7383
7384
7385
7387
7388
7389
7391
7392
7394
7395
7396
7397
7398
7399
7400
7401
7403
7404
7406
7407
7409
7410
7412
7414
7415
7417
7418
7419
7420
7422
7424
7425
7426
7427
7428
7430
7433
7434
7435
7436
7438
7439
7440
7442
7444
7446
7447
7448
7449
7450
7451
7452
7453
7454
7455
7457
7458
7459
7461
7463
7464
7465
7466
7467
7468
7469
7470
7472
7474
7477
7478
7481
7482
7484
7485
7486
7487
7488
7489
7490
7492
7493
7495
7496
7498
7499
7500
7501
7503
7504
7507
7509
7510
7512
7514
7516
7517
7518
7519
7520
7521
7522
7523
7524
7525
7526
7530
7532
7533
7534
7535
7536
7538
7539
7542
7543
7544
7546
7548
7549
7550
7552
7553
7554
7555
7557
7558
7559
7560
7561
7562
7563
7564
7565
7566
7568
7572
7573
7576
7578
7579
7581
7582
7583
7584
7586
7587
7588
7589
7590
7591
7592
7593
7594
7597
7599
7600
7602
7603
7604
7605
7606
7607
7609
7610
7612
7613
7615
7616
7617
7618
7620
7624
7625
7631
7634
7637
7638
7639
7640
7642
7643
7645
7646
7648
7650
7652
7654
7657
7659
7660
7661
7662
7668
7670
7673
7676
7677
7681
7683
7687
7688
7689
7690
7695
7696
7697
7698
7699
7701
7702
7703
7704
7706
7707
7709
7710
7711
7712
7714
7715
7716
7717
7724
7725
7726
7727
7728
7729
7731
7732
7734
7737
7738
7739
7741
7745
7747
7748
7749
7750
7752
7753
7755
7759
7760
7761
7762
7764
7765
7767
7768
7770
7771
7773
7775
7776
7784
7785
7786
7787
7788
7789
7791
7792
7795
7796
7800
7801
7802
7803
7804
7806
7807
7808
7809
7810
7812
7813
7814
7815
7816
7818
7820
7822
7823
7824
7825
7827
7828
7829
7830
7832
7833
7834
7835
7836
7837
7838
7839
7841
7844
7845
7846
7847
7848
7850
7851
7852
7853
7855
7857
7859
7860
7861
7862
7863
7865
7866
7868
7869
7870
7871
7872
7873
7874
7881
7883
7884
7885
7886
7887
7890
7891
7892
7894
7895
7896
7897
7899
7900
7901
7903
7904
7905
7906
7907
7908
7910
7912
7913
7916
7917
7918
7919
7920
7923
7925
7926
7927
7928
7929
7930
7931
7932
7934
7935
7936
7937
7938
7939
7940
7941
7942
7943
7946
7948
7950
7952
7955
7957
7958
7961
7962
7964
7966
7967
7968
7969
7970
7972
7976
7977
7979
7980
7981
7983
7985
7986
7987
7991
7992
7993
7996
7998
7999
8000
8002
8003
8004
8005
8006
8007
8010
8011
8012
8013
8014
8016
8019
8020
8021
8022
8024
8026
8030
8032
8033
8036
8037
8038
8041
8042
8046
8047
8049
8052
8053
8055
8057
8058
8061
8062
8063
8064
8065
8066
8069
8070
8072
8073
8074
8075
8077
8079
8081
8082
8084
8085
8086
8087
8089
8094
8098
8099
8100
8101
8103
8105
8106
8107
8108
8110
8112
8113
8114
8115
8116
8117
8118
8119
8121
8122
8124
8125
8128
8130
8131
8133
8140
8141
8142
8145
8146
8147
8149
8150
8151
8152
8154
8157
8159
8160
8161
8162
8165
8166
8169
8172
8174
8183
8185
8186
8187
8191
8192
8193
8194
8196
8197
8198
8200
8202
8203
8205
8206
8207
8208
8209
8211
8213
8214
8215
8216
8218
8219
8222
8223
8225
8226
8227
8230
8231
8232
8233
8235
8236
8238
8239
8240
8241
8243
8251
8258
8261
8263
8264
8266
8269
8270
8274
8276
8277
8279
8280
8281
8282
8283
8285
8287
8290
8293
8295
8296
8297
8298
8300
8301
8303
8304
8305
8306
8308
8309
8311
8312
8314
8315
8318
8321
8322
8326
8327
8328
8329
8330
8331
8332
8333
8334
8335
8338
8339
8340
8341
8342
8344
8347
8351
8353
8354
8359
8361
8362
8364
8365
8368
8369
8370
8373
8374
8376
8377
8379
8380
8381
8382
8383
8384
8385
8387
8388
8391
8392
8393
8394
8396
8398
8399
8400
8401
8404
8405
8407
8408
8409
8410
8411
8412
8413
8414
8416
8417
8418
8419
8420
8422
8426
8427
8432
8434
8435
8437
8438
8439
8441
8443
8444
8447
8448
8450
8451
8453
8454
8456
8459
8460
8461
8464
8465
8466
8468
8469
8471
8472
8473
8476
8482
8483
8484
8485
8487
8488
8489
8491
8493
8494
8496
8497
8498
8499
8503
8505
8506
8507
8508
8509
8512
8513
8514
8515
8516
8517
8518
8519
8520
8521
8523
8524
8526
8527
8530
8531
8532
8533
8535
8537
8538
8540
8541
8542
8544
8549
8551
8552
8553
8554
8556
8557
8559
8561
8564
8565
8566
8567
8568
8569
8570
8572
8575
8578
8581
8582
8583
8584
8588
8589
8590
8594
8596
8598
8602
8603
8604
8605
8606
8607
8609
8610
8611
8612
8614
8615
8616
8617
8618
8620
8622
8624
8625
8626
8627
8629
8630
8631
8633
8634
8635
8636
8638
8640
8641
8642
8643
8644
8646
8647
8649
8650
8651
8652
8653
8655
8656
8657
8658
8659
8661
8662
8663
8664
8665
8666
8668
8669
8670
8671
8673
8675
8676
8677
8680
8681
8682
8687
8690
8691
8693
8694
8697
8699
8701
8702
8705
8706
8707
8708
8712
8713
8715
8716
8718
8720
8723
8724
8725
8726
8728
8732
8733
8734
8735
8736
8737
8738
8740
8741
8745
8746
8747
8748
8750
8751
8755
8758
8760
8761
8762
8763
8764
8765
8768
8770
8771
8773
8779
8780
8782
8783
8784
8785
8787
8789
8791
8793
8794
8795
8800
8802
8803
8804
8805
8806
8808
8809
8810
8811
8814
8816
8818
8820
8821
8825
8826
8828
8829
8832
8833
8834
8835
8836
8838
8839
8841
8843
8844
8846
8847
8848
8849
8852
8853
8855
8856
8859
8862
8863
8864
8865
8866
8867
8868
8869
8871
8872
8873
8874
8875
8876
8877
8878
8880
8882
8885
8888
8889
8891
8892
8896
8898
8900
8901
8902
8904
8906
8907
8908
8909
8910
8911
8914
8915
8916
8917
8918
8920
8921
8923
8925
8930
8931
8932
8936
8937
8940
8945
8946
8949
8951
8955
8959
8962
8964
8966
8968
8970
8973
8974
8975
8978
8979
8981
8982
8983
8984
8986
8987
8989
8990
8991
8993
8994
8996
8997
8998
8999
9000
9001
9002
9003
9004
9006
9007
9008
9012
9013
9015
9016
9017
9018
9019
9020
9021
9022
9023
9025
9028
9030
9031
9033
9035
9037
9038
9040
9042
9043
9044
9046
9048
9049
9051
9052
9053
9054
9055
9057
9059
9061
9062
9063
9064
9065
9066
9067
9069
9070
9071
9076
9078
9079
9081
9082
9083
9084
9094
9095
9098
9100
9101
9102
9103
9104
9105
9106
9107
9108
9109
9110
9112
9115
9116
9117
9118
9119
9121
9122
9124
9127
9128
9129
9130
9131
9133
9134
9138
9139
9140
9141
9142
9143
9146
9148
9150
9155
9156
9157
9158
9159
9160
9166
9168
9169
9170
9171
9172
9173
9174
9176
9177
9178
9179
9180
9182
9183
9185
9186
9187
9189
9190
9192
9193
9194
9196
9201
9202
9203
9204
9206
9207
9209
9210
9211
9212
9213
9215
9216
9217
9218
9219
9220
9221
9222
9224
9227
9228
9229
9237
9238
9240
9242
9243
9244
9245
9249
9250
9252
9253
9254
9256
9259
9265
9266
9267
9268
9269
9270
9272
9273
9275
9276
9277
9278
9285
9287
9288
9289
9294
9295
9297
9298
9299
9300
9303
9304
9305
9307
9308
9310
9314
9318
9319
9321
9322
9323
9324
9327
9328
9329
9330
9332
9333
9334
9335
9336
9337
9338
9339
9340
9342
9344
9345
9346
9347
9348
9350
9351
9352
9358
9359
9363
9364
9366
9367
9368
9374
9375
9376
9377
9378
9379
9382
9383
9384
9387
9389
9392
9394
9396
9397
9401
9403
9404
9406
9408
9409
9410
9411
9412
9413
9414
9415
9416
9418
9420
9421
9422
9424
9426
9428
9429
9430
9432
9434
9437
9438
9439
9441
9442
9443
9444
9445
9450
9453
9455
9456
9457
9458
9460
9461
9462
9463
9464
9466
9467
9469
9470
9472
9474
9477
9478
9479
9480
9481
9482
9485
9486
9487
9490
9491
9492
9494
9497
9498
9499
9500
9501
9502
9503
9504
9506
9507
9510
9511
9512
9513
9514
9515
9517
9518
9519
9520
9522
9523
9524
9525
9528
9529
9530
9531
9532
9534
9535
9537
9538
9539
9540
9542
9545
9548
9551
9552
9553
9554
9556
9557
9558
9560
9563
9564
9567
9568
9573
9575
9576
9580
9581
9582
9583
9584
9587
9588
9594
9596
9599
9600
9601
9602
9603
9605
9606
9608
9609
9612
9613
9615
9616
9617
9618
9623
9624
9626
9628
9629
9631
9632
9633
9635
9636
9638
9640
9641
9642
9644
9645
9647
9649
9651
9652
9653
9654
9657
9658
9659
9660
9661
9662
9664
9665
9666
9668
9670
9671
9672
9673
9674
9677
9678
9680
9681
9682
9684
9685
9686
9687
9689
9690
9691
9692
9694
9695
9696
9699
9701
9702
9704
9706
9708
9710
9711
9713
9714
9718
9719
9720
9722
9725
9726
9727
9728
9729
9730
9733
9734
9736
9737
9738
9741
9742
9743
9744
9745
9746
9747
9748
9749
9750
9753
9756
9757
9758
9759
9763
9765
9766
9767
9770
9771
9772
9773
9775
9780
9783
9786
9787
9789
9791
9792
9793
9795
9796
9797
9798
9800
9802
9803
9804
9805
9811
9812
9813
9814
9815
9816
9819
9820
9822
9823
9825
9826
9828
9829
9830
9832
9833
9835
9836
9837
9838
9840
9847
9848
9850
9854
9855
9856
9858
9859
9861
9862
9864
9865
9867
9869
9870
9871
9874
9875
9879
9880
9881
9882
9883
9884
9886
9887
9888
9889
9890
9891
9894
9895
9898
9899
9902
9904
9905
9906
9907
9908
9910
9911
9912
9913
9914
9915
9917
9918
9919
9920
9921
9923
9924
9925
9929
9932
9935
9936
9938
9940
9942
9943
9944
9945
9946
9947
9948
9949
9950
9951
9954
9956
9958
9964
9967
9968
9969
9970
9972
9973
9974
9975
9980
9982
9983
9984
9985
9987
9988
9989
9993
9994
9996
9997
9999
10000
10001
10006
10009
10010
10012
10015
10018
10019
10021
10023
10024
10026
10027
10028
10029
10030
10032
10035
10036
10037
10038
10039
10040
10042
10043
10045
10046
10047
10049
10054
10055
10057
10058
10060
10061
10062
10064
10065
10066
10067
10069
10071
10073
10074
10076
10077
10078
10079
10080
10081
10082
10084
10085
10086
10087
10089
10092
10093
10095
10097
10098
10099
10102
10103
10104
10107
10110
10112
10113
10115
10117
10119
10120
10121
10122
10125
10126
10128
10133
10135
10136
10137
10138
10139
10141
10142
10143
10144
10148
10150
10152
10154
10155
10156
10157
10159
10161
10162
10164
10165
10166
10167
10168
10169
10171
10172
10175
10176
10177
10178
10179
10180
10181
10182
10183
10184
10185
10186
10190
10192
10193
10194
10196
10197
10198
10199
10200
10202
10204
10206
10208
10209
10212
10213
10215
10216
10217
10219
10220
10221
10222
10223
10224
10226
10227
10229
10230
10231
10233
10235
10237
10238
10239
10244
10246
10247
10253
10254
10255
10256
10257
10258
10260
10261
10263
10265
10267
10268
10269
10270
10271
10272
10273
10274
10275
10281
10283
10284
10285
10286
10289
10290
10292
10293
10294
10296
10297
10299
10300
10301
10302
10304
10306
10307
10309
10315
10316
10317
10318
10323
10324
10326
10327
10328
10329
10330
10331
10332
10333
10335
10336
10337
10338
10343
10344
10345
10346
10347
10348
10349
10351
10355
10358
10359
10360
10361
10365
10366
10368
10375
10376
10377
10378
10379
10380
10382
10385
10386
10387
10388
10389
10390
10391
10392
10393
10394
10397
10399
10401
10403
10404
10405
10407
10411
10416
10417
10418
10419
10423
10426
10428
10430
10432
10433
10434
10435
10437
10438
10440
10442
10443
10444
10446
10447
10448
10449
10450
10451
10452
10454
10455
10456
10458
10459
10460
10461
10462
10463
10464
10465
10466
10467
10469
10470
10471
10473
10474
10475
10477
10479
10480
10481
10482
10487
10489
10490
10491
10492
10493
10494
10495
10496
10497
10498
10499
10500
10501
10506
10507
10508
10509
10510
10511
10514
10515
10516
10517
10518
10519
10522
10523
10524
10526
10528
10531
10532
10533
10534
10535
10536
10537
10539
10540
10541
10542
10546
10548
10550
10551
10553
10554
10556
10557
10558
10559
10560
10563
10564
10566
10567
10568
10569
10571
10573
10574
10575
10577
10578
10580
10581
10584
10585
10587
10588
10589
10592
10593
10594
10595
10597
10599
10600
10601
10602
10603
10604
10606
10608
10609
10610
10613
10614
10615
10618
10619
10622
10623
10624
10625
10626
10627
10628
10630
10631
10634
10636
10637
10639
10640
10641
10643
10645
10650
10651
10654
10655
10656
10657
10659
10660
10661
10662
10664
10666
10667
10668
10670
10671
10672
10673
10676
10677
10678
10679
10681
10682
10683
10685
10686
10687
10690
10692
10697
10701
10704
10705
10706
10707
10708
10709
10711
10713
10715
10717
10718
10722
10723
10724
10725
10726
10729
10730
10732
10733
10734
10736
10738
10739
10741
10745
10747
10748
10750
10751
10752
10753
10756
10759
10760
10763
10764
10765
10766
10768
10769
10770
10771
10774
10775
10777
10778
10779
10781
10782
10784
10785
10789
10790
10792
10794
10796
10799
10801
10804
10806
10807
10808
10809
10811
10813
10814
10815
10818
10819
10821
10823
10824
10825
10826
10827
10829
10830
10831
10833
10835
10837
10840
10841
10842
10843
10845
10846
10848
10850
10851
10853
10854
10858
10859
10860
10862
10863
10865
10866
10869
10870
10871
10872
10874
10875
10876
10877
10879
10880
10881
10883
10884
10886
10887
10889
10890
10891
10892
10893
10895
10896
10897
10898
10899
10900
10902
10903
10906
10907
10908
10910
10911
10912
10913
10914
10915
10918
10919
10920
10924
10925
10926
10927
10928
10930
10931
10934
10935
10936
10937
10940
10941
10942
10943
10946
10948
10950
10952
10953
10954
10955
10956
10957
10958
10959
10962
10963
10967
10968
10969
10970
10972
10975
10977
10979
10980
10981
10985
10986
10987
10989
10990
10992
10994
10995
10998
10999
11000
11001
11003
11005
11006
11009
11010
11011
11012
11013
11014
11015
11016
11018
11019
11020
11021
11022
11026
11028
11029
11031
11032
11033
11036
11039
11040
11041
11044
11045
11048
11049
11052
11054
11055
11056
11058
11059
11060
11061
11064
11065
11068
11069
11070
11071
11073
11074
11075
11077
11078
11080
11081
11082
11085
11091
11094
11095
11097
11099
11100
11103
11104
11105
11106
11108
11109
11110
11111
11113
11114
11115
11116
11117
11119
11120
11122
11124
11126
11128
11129
11131
11132
11133
11134
11135
11136
11137
11140
11142
11143
11147
11149
11150
11152
11159
11161
11163
11164
11166
11167
11168
11169
11172
11173
11175
11176
11179
11180
11182
11183
11184
11186
11188
11189
11192
11198
11199
11203
11212
11213
11216
11219
11221
11222
11226
11229
11231
11232
11234
11238
11240
11241
11244
11245
11246
11247
11248
11250
11251
11253
11255
11257
11258
11260
11261
11264
11265
11266
11267
11269
11271
11273
11274
11276
11277
11279
11283
11286
11288
11289
11290
11291
11293
11294
11295
11296
11297
11299
11300
11302
11304
11305
11306
11308
11309
11310
11312
11315
11316
11317
11320
11321
11322
11323
11324
11326
11330
11331
11332
11334
11336
11340
11341
11343
11346
11347
11349
11351
11352
11353
11355
11356
11357
11358
11363
11364
11365
11367
11368
11372
11373
11374
11378
11381
11382
11384
11385
11387
11388
11389
11390
11391
11392
11394
11396
11397
11398
11399
11400
11402
11403
11404
11406
11407
11409
11410
11411
11414
11415
11416
11417
11418
11421
11423
11424
11426
11427
11428
11432
11434
11435
11436
11437
11439
11441
11442
11445
11447
11449
11450
11451
11452
11453
11456
11457
11459
11461
11464
11465
11466
11467
11468
11474
11476
11477
11478
11480
11481
11483
11485
11486
11489
11491
11493
11494
11495
11496
11497
11499
11501
11502
11503
11504
11506
11507
11508
11509
11511
11512
11513
11514
11516
11517
11519
11520
11524
11525
11526
11529
11530
11532
11533
11535
11537
11538
11539
11541
11543
11545
11546
11547
11550
11553
11554
11555
11556
11557
11559
11560
11562
11567
11569
11570
11571
11572
11573
11574
11575
11576
11577
11578
11580
11582
11584
11585
11586
11587
11588
11590
11591
11594
11596
11598
11600
11601
11602
11603
11608
11609
11610
11612
11614
11615
11616
11618
11619
11622
11623
11624
11626
11630
11631
11633
11634
11635
11639
11641
11642
11644
11645
11646
11647
11649
11656
11657
11658
11659
11662
11665
11666
11667
11669
11670
11671
11672
11674
11675
11677
11678
11680
11682
11685
11687
11691
11696
11697
11699
11700
11701
11705
11706
11708
11709
11710
11711
11712
11715
11720
11723
11724
11728
11730
11732
11735
11737
11738
11739
11740
11744
11745
11746
11747
11750
11751
11752
11753
11754
11756
11758
11759
11760
11761
11762
11764
11765
11768
11770
11773
11775
11776
11778
11779
11780
11782
11784
11785
11786
11787
11789
11790
11791
11794
11795
11796
11798
11799
11800
11802
11804
11805
11806
11807
11808
11810
11811
11812
11813
11814
11816
11817
11818
11821
11823
11824
11828
11829
11830
11831
11832
11834
11837
11838
11839
11842
11844
11845
11847
11849
11851
11852
11853
11854
11855
11857
11859
11860
11861
11862
11865
11866
11868
11871
11872
11873
11874
11875
11877
11878
11879
11880
11881
11883
11884
11885
11886
11891
11892
11894
11896
11898
11901
11902
11903
11904
11908
11909
11912
11913
11914
11915
11918
11919
11921
11923
11929
11933
11941
11942
11943
11944
11945
11947
11948
11949
11951
11952
11953
11954
11955
11956
11957
11960
11962
11966
11968
11969
11970
11972
11974
11976
11977
11978
11979
11980
11981
11982
11983
11984
11986
11988
11990
11991
11994
11995
11997
11998
11999
12001
12002
12003
12006
12007
12009
12010
12011
12012
12015
12016
12018
12020
12022
12023
12025
12027
12028
12030
12031
12032
12034
12035
12036
12037
12038
12041
12042
12043
12044
12047
12049
12052
12057
12058
12060
12062
12063
12064
12065
12067
12068
12070
12071
12072
12076
12077
12079
12081
12082
12085
12088
12089
12090
12091
12093
12094
12095
12097
12098
12099
12102
12104
12106
12107
12110
12112
12114
12115
12116
12117
12120
12124
12125
12126
12129
12132
12133
12134
12138
12139
12141
12142
12143
12145
12146
12148
12150
12153
12154
12156
12164
12165
12166
12167
12168
12169
12173
12175
12176
12177
12179
12180
12181
12183
12187
12189
12190
12191
12194
12195
12196
12197
12198
12200
12201
12202
12203
12204
12205
12206
12208
12210
12211
12212
12215
12217
12219
12220
12222
12223
12224
12228
12229
12235
12238
12239
12240
12241
12243
12244
12245
12246
12248
12251
12253
12254
12255
12256
12257
12258
12259
12262
12264
12266
12267
12268
12269
12272
12273
12274
12275
12278
12279
12280
12282
12283
12284
12285
12288
12294
12297
12299
12304
12306
12308
12309
12312
12314
12315
12316
12317
12319
12322
12323
12324
12325
12326
12327
12328
12329
12331
12333
12334
12337
12338
12339
12341
12343
12344
12347
12348
12349
12350
12351
12352
12353
12356
12357
12358
12360
12361
12363
12364
12365
12366
12367
12368
12369
12372
12373
12375
12377
12378
12379
12382
12385
12386
12387
12391
12393
12394
12396
12397
12398
12399
12402
12404
12406
12407
12410
12411
12412
12414
12415
12416
12417
12418
12419
12423
12426
12427
12428
12429
12432
12433
12434
12435
12436
12437
12439
12440
12441
12442
12443
12444
12446
12451
12452
12453
12456
12457
12458
12459
12460
12462
12463
12464
12465
12466
12467
12468
12469
12470
12471
12472
12473
12474
12477
12482
12483
12484
12485
12487
12489
12490
12492
12493
12494
12496
12497
12498
12500
12501
12502
12503
12505
12506
12508
12509
12512
12513
12516
12517
12519
12521
12522
12524
12525
12527
12528
12529
12530
12531
12532
12533
12534
12535
12536
12537
12538
12539
12540
12541
12542
12543
12544
12545
12546
12547
12549
12550
12551
12552
12554
12555
12556
12559
12561
12562
12563
12564
12565
12567
12569
12570
12573
12574
12576
12578
12579
12581
12586
12587
12590
12593
12595
12596
12597
12598
12601
12602
12603
12605
12606
12607
12608
12610
12611
12614
12615
12616
12619
12620
12622
12623
12624
12625
12629
12631
12633
12634
12635
12636
12638
12639
12642
12644
12645
12649
12651
12652
12653
12655
12656
12657
12659
12660
12661
12662
12665
12666
12667
12668
12670
12671
12673
12674
12675
12678
12679
12683
12684
12687
12688
12690
12691
12692
12693
12694
12695
12696
12699
12701
12704
12705
12706
12707
12708
12709
12711
12713
12717
12718
12722
12723
12727
12728
12732
12734
12737
12738
12739
12740
12741
12743
12744
12745
12750
12752
12753
12754
12756
12757
12759
12760
12761
12763
12764
12767
12768
12769
12772
12776
12781
12784
12785
12787
12791
12792
12793
12795
12796
12797
12798
12799
12800
12801
12803
12804
12805
12806
12807
12808
12810
12811
12813
12814
12815
12816
12817
12818
12819
12820
12822
12823
12825
12826
12827
12828
12829
12830
12831
12832
12833
12841
12843
12844
12845
12846
12847
12849
12850
12852
12854
12858
12859
12862
12863
12864
12868
12869
12870
12872
12873
12875
12876
12878
12881
12882
12884
12888
12891
12892
12894
12895
12896
12897
12899
12900
12901
12903
12904
12906
12908
12909
12911
12912
12914
12915
12918
12919
12921
12923
12925
12926
12929
12930
12934
12935
12936
12937
12938
12939
12940
12941
12945
12946
12947
12949
12952
12953
12954
12955
12956
12957
12959
12960
12962
12963
12966
12969
12970
12973
12975
12976
12978
12979
12980
12981
12983
12984
12987
12988
12991
12992
12993
12995
12996
13001
13004
13006
13009
13011
13012
13013
13014
13015
13017
13018
13019
13020
13022
13024
13025
13027
13028
13030
13034
13035
13039
13040
13042
13043
13044
13045
13048
13050
13052
13054
13056
13057
13059
13061
13063
13064
13065
13066
13067
13068
13070
13071
13072
13073
13074
13075
13078
13080
13081
13082
13085
13087
13089
13090
13091
13095
13100
13101
13102
13103
13104
13106
13107
13108
13109
13110
13111
13115
13116
13118
13120
13122
13123
13124
13125
13126
13129
13130
13131
13132
13133
13134
13136
13137
13138
13139
13140
13141
13142
13143
13144
13146
13151
13153
13155
13156
13157
13159
13162
13163
13166
13167
13168
13169
13170
13171
13172
13173
13174
13175
13176
13177
13178
13180
13181
13182
13183
13187
13189
13190
13192
13193
13194
13195
13196
13199
13200
13203
13204
13205
13207
13209
13210
13211
13213
13214
13215
13216
13217
13218
13219
13220
13221
13224
13225
13227
13230
13231
13232
13233
13235
13237
13238
13239
13241
13243
13244
13246
13247
13248
13251
13253
13254
13255
13256
13257
13258
13259
13261
13263
13264
13265
13267
13268
13274
13275
13276
13277
13278
13281
13282
13283
13287
13289
13291
13292
13294
13296
13298
13301
13302
13303
13305
13306
13307
13308
13309
13310
13311
13312
13313
13315
13316
13317
13318
13319
13320
13322
13325
13326
13327
13328
13329
13331
13333
13334
13336
13337
13339
13340
13342
13346
13347
13348
13349
13350
13351
13352
13353
13354
13355
13356
13360
13361
13362
13363
13364
13367
13368
13371
13375
13377
13379
13380
13382
13384
13385
13386
13388
13390
13391
13392
13393
13394
13395
13396
13397
13398
13399
13403
13404
13405
13409
13411
13413
13414
13415
13416
13418
13419
13421
13422
13423
13425
13426
13427
13429
13431
13432
13433
13434
13435
13436
13437
13438
13441
13443
13447
13449
13450
13455
13457
13459
13460
13462
13463
13464
13467
13468
13469
13471
13473
13474
13475
13476
13478
13480
13481
13482
13483
13485
13487
13488
13489
13490
13491
13492
13493
13497
13498
13499
13500
13501
13502
13503
13504
13505
13506
13507
13508
13509
13511
13514
13516
13517
13519
13520
13521
13523
13525
13526
13527
13532
13533
13538
13539
13540
13543
13545
13546
13547
13549
13550
13551
13552
13555
13556
13557
13559
13561
13562
13565
13566
13567
13568
13570
13579
13580
13581
13584
13585
13586
13587
13589
13590
13591
13592
13595
13596
13597
13599
13602
13604
13605
13606
13607
13608
13609
13610
13611
13612
13613
13615
13616
13617
13620
13623
13624
13625
13626
13627
13629
13630
13631
13632
13635
13637
13638
13639
13640
13641
13642
13643
13645
13652
13653
13657
13659
13661
13662
13664
13669
13670
13674
13675
13678
13679
13680
13685
13686
13690
13691
13693
13695
13698
13699
13700
13701
13702
13705
13706
13707
13709
13710
13711
13712
13714
13715
13717
13718
13722
13724
13727
13728
13729
13730
13732
13733
13734
13735
13736
13738
13739
13740
13742
13743
13744
13747
13750
13751
13752
13753
13754
13758
13761
13762
13763
13764
13768
13769
13770
13771
13772
13773
13774
13776
13778
13779
13780
13781
13782
13784
13785
13786
13790
13791
13792
13795
13796
13797
13799
13800
13801
13803
13805
13806
13810
13814
13816
13817
13818
13819
13820
13821
13825
13826
13827
13828
13830
13833
13835
13836
13837
13838
13839
13842
13843
13844
13848
13849
13850
13851
13853
13854
13856
13858
13859
13860
13861
13863
13864
13865
13866
13868
13872
13874
13876
13877
13878
13879
13880
13881
13883
13884
13885
13886
13887
13888
13889
13890
13893
13894
13895
13896
13899
13900
13902
13903
13904
13905
13906
13907
13908
13912
13914
13915
13916
13917
13918
13919
13921
13922
13923
13924
13925
13926
13927
13929
13932
13933
13934
13935
13937
13938
13939
13940
13941
13942
13943
13944
13945
13946
13947
13949
13950
13952
13953
13954
13955
13958
13959
13960
13961
13964
13967
13968
13970
13971
13975
13977
13980
13983
13986
13988
13989
13990
13991
13992
13993
13995
13997
13998
14001
14002
14005
14006
14007
14008
14012
14015
14016
14017
14019
14026
14028
14031
14033
14034
14036
14037
14038
14040
14041
14042
14044
14045
14046
14047
14050
14052
14053
14054
14056
14057
14058
14060
14061
14063
14064
14065
14066
14068
14069
14071
14073
14075
14076
14077
14078
14080
14081
14082
14083
14084
14085
14086
14087
14090
14091
14094
14095
14096
14102
14104
14105
14106
14107
14108
14112
14113
14114
14115
14117
14118
14119
14120
14122
14126
14130
14132
14133
14134
14135
14136
14139
14142
14143
14145
14146
14148
14150
14152
14153
14157
14158
14160
14162
14163
14167
14169
14170
14171
14173
14174
14176
14177
14178
14179
14181
14182
14183
14184
14190
14191
14192
14194
14196
14197
14199
14200
14203
14204
14205
14207
14208
14210
14212
14214
14215
14218
14220
14222
14223
14224
14226
14227
14229
14230
14232
14233
14234
14237
14238
14239
14240
14241
14242
14243
14244
14245
14246
14247
14250
14252
14255
14256
14257
14258
14259
14263
14264
14265
14266
14267
14268
14270
14272
14273
14276
14277
14279
14281
14282
14283
14284
14286
14288
14289
14291
14294
14295
14298
14300
14301
14302
14303
14304
14305
14306
14308
14310
14315
14316
14318
14319
14324
14326
14327
14328
14330
14331
14332
14333
14334
14336
14338
14339
14342
14345
14346
14349
14350
14352
14355
14356
14357
14358
14360
14363
14366
14369
14371
14372
14374
14377
14378
14379
14380
14383
14384
14385
14386
14390
14393
14395
14396
14399
14400
14401
14403
14404
14405
14407
14408
14411
14414
14418
14419
14421
14423
14427
14430
14434
14435
14436
14437
14440
14442
14443
14444
14445
14446
14447
14449
14451
14452
14453
14455
14456
14457
14460
14466
14468
14470
14471
14472
14473
14475
14476
14477
14478
14479
14480
14481
14482
14490
14491
14494
14495
14497
14499
14500
14501
14502
14505
14506
14507
14508
14510
14511
14512
14514
14515
14516
14518
14520
14521
14522
14524
14525
14528
14529
14532
14534
14535
14537
14538
14539
14540
14541
14542
14543
14545
14546
14547
14549
14551
14552
14553
14554
14555
14556
14557
14558
14559
14560
14562
14563
14564
14565
14568
14571
14572
14573
14574
14576
14578
14580
14582
14583
14585
14587
14591
14592
14593
14594
14597
14598
14599
14600
14604
14605
14606
14608
14609
14612
14614
14615
14616
14618
14619
14622
14624
14627
14628
14629
14630
14631
14633
14637
14638
14639
14640
14642
14644
14645
14647
14649
14650
14653
14656
14657
14659
14661
14662
14663
14664
14665
14666
14668
14669
14671
14672
14673
14674
14675
14677
14679
14680
14683
14684
14687
14689
14690
14694
14695
14698
14699
14700
14701
14703
14704
14705
14706
14708
14709
14711
14716
14717
14718
14719
14720
14722
14724
14729
14730
14731
14734
14735
14738
14739
14741
14743
14745
14746
14747
14749
14750
14751
14752
14753
14754
14756
14758
14759
14760
14761
14762
14763
14766
14767
14768
14769
14770
14773
14776
14777
14778
14779
14781
14782
14783
14784
14785
14787
14788
14790
14791
14792
14793
14795
14797
14798
14805
14807
14809
14810
14811
14812
14813
14815
14816
14817
14818
14819
14820
14821
14822
14826
14828
14829
14833
14835
14836
14837
14839
14840
14846
14847
14848
14849
14850
14852
14854
14857
14858
14860
14862
14863
14864
14867
14870
14871
14873
14874
14876
14877
14879
14880
14882
14885
14887
14890
14891
14893
14896
14897
14898
14900
14902
14903
14904
14906
14907
14908
14910
14912
14913
14914
14917
14920
14921
14922
14924
14927
14928
14931
14932
14935
14936
14937
14938
14940
14941
14942
14943
14945
14948
14949
14950
14951
14954
14956
14958
14959
14960
14963
14966
14967
14968
14970
14974
14975
14977
14978
14979
14980
14981
14982
14984
14985
14986
14987
14988
14989
14992
14993
14995
14997
14998
14999
