5
6
16
21
23
25
31
37
44
49
54
55
56
57
68
74
80
81
88
94
100
104
111
114
118
119
128
131
140
141
142
146
147
149
150
153
155
157
163
164
187
189
194
195
204
205
208
210
217
218
220
228
230
231
233
235
242
245
255
256
269
270
275
279
280
281
284
288
289
293
295
318
324
327
336
339
342
344
345
350
351
353
355
356
357
358
363
370
376
377
378
382
389
393
397
398
399
400
406
408
413
415
418
419
422
430
441
444
445
446
449
461
462
469
470
473
475
488
489
495
496
497
506
510
511
512
519
520
534
545
547
549
550
552
569
571
572
573
583
588
590
592
594
597
599
601
602
603
606
608
612
619
620
621
622
623
627
630
633
637
640
641
645
650
656
657
660
662
668
673
674
687
690
695
696
700
705
715
722
726
732
750
751
762
764
766
778
782
787
790
791
792
810
823
827
828
832
835
836
847
849
851
852
854
856
869
871
876
880
886
888
889
898
901
902
904
907
913
917
918
928
932
938
941
942
944
945
946
947
956
957
962
966
967
971
975
978
982
983
988
995
998
1002
1003
1005
1016
1017
1018
1019
1022
1025
1028
1041
1044
1047
1051
1052
1057
1061
1069
1081
1083
1084
1091
1094
1097
1098
1101
1108
1116
1122
1124
1131
1135
1136
1137
1142
1143
1151
1152
1154
1156
1160
1162
1169
1171
1172
1173
1180
1183
1194
1198
1200
1204
1211
1212
1215
1227
1242
1247
1250
1252
1256
1257
1258
1261
1262
1277
1295
1303
1304
1305
1312
1313
1325
1335
1336
1343
1346
1351
1354
1366
1368
1378
1382
1385
1386
1388
1390
1393
1406
1408
1416
1417
1420
1423
1434
1437
1440
1441
1449
1451
1455
1462
1470
1474
1476
1477
1483
1490
1492
1493
1498
1499
1500
1501
1502
1505
1506
1510
1514
1519
1523
1526
1528
1537
1542
1543
1547
1550
1567
1569
1571
1572
1573
1579
1583
1588
1595
1596
1605
1611
1616
1633
1635
1638
1639
1644
1645
1647
1649
1654
1665
1669
1675
1677
1678
1683
1685
1689
1692
1696
1697
1698
1715
1718
1722
1723
1724
1726
1729
1737
1741
1742
1743
1749
1752
1757
1761
1767
1770
1781
1782
1786
1789
1791
1792
1802
1807
1810
1815
1816
1819
1825
1828
1830
1831
1833
1834
1837
1838
1841
1844
1845
1853
1862
1867
1870
1872
1877
1881
1882
1892
1893
1902
1905
1906
1912
1913
1919
1929
1935
1940
1942
1945
1946
1953
1964
1965
1969
1970
1971
1976
1980
1981
1985
1994
2000
2001
2004
2011
2014
2024
2025
2026
2027
2031
2033
2038
2050
2052
2054
2057
2069
2070
2072
2076
2078
2083
2097
2109
2111
2112
2114
2118
2122
2124
2129
2131
2134
2136
2147
2153
2154
2155
2158
2161
2164
2170
2173
2174
2175
2177
2184
2186
2189
2212
2216
2217
2221
2222
2224
2225
2226
2230
2233
2237
2244
2248
2252
2255
2257
2260
2261
2262
2263
2265
2267
2275
2283
2290
2301
2307
2308
2314
2315
2322
2323
2326
2328
2332
2337
2339
2344
2347
2352
2357
2361
2376
2377
2379
2386
2390
2404
2407
2413
2418
2422
2427
2441
2450
2451
2456
2462
2463
2468
2469
2470
2471
2473
2475
2481
2489
2491
2493
2494
2495
2497
2501
2503
2504
2505
2509
2510
2517
2528
2539
2541
2542
2546
2552
2553
2556
2557
2566
2567
2572
2580
2581
2588
2590
2600
2610
2614
2617
2618
2626
2628
2630
2637
2641
2643
2649
2655
2659
2671
2672
2675
2683
2686
2693
2700
2707
2708
2713
2714
2720
2722
2723
2726
2737
2742
2750
2751
2755
2758
2763
2765
2768
2772
2773
2783
2784
2788
2791
2795
2797
2801
2802
2805
2806
2809
2811
2823
2837
2853
2854
2857
2862
2863
2872
2875
2878
2885
2886
2888
2891
2892
2893
2899
2902
2903
2907
2908
2913
2914
2915
2917
2922
2924
2927
2931
2932
2934
2935
2937
2940
2941
2948
2949
2952
2960
2961
2973
2974
2979
2982
2988
2992
2999
3013
3024
3028
3029
3031
3037
3039
3043
3045
3052
3059
3064
3069
3070
3071
3081
3088
3098
3099
3100
3102
3106
3117
3123
3125
3141
3143
3147
3148
3149
3152
3153
3155
3160
3162
3164
3179
3189
3192
3197
3202
3205
3221
3224
3229
3233
3249
3250
3251
3259
3261
3262
3266
3267
3268
3270
3275
3280
3283
3284
3285
3287
3293
3294
3295
3297
3299
3301
3305
3310
3311
3323
3332
3334
3339
3341
3348
3360
3361
3362
3374
3382
3383
3389
3398
3408
3414
3419
3424
3425
3430
3431
3432
3441
3445
3455
3457
3462
3469
3470
3473
3477
3478
3487
3489
3490
3500
3505
3507
3513
3515
3523
3528
3532
3534
3538
3539
3541
3549
3554
3567
3570
3572
3587
3588
3589
3594
3595
3596
3597
3599
3600
3601
3605
3616
3617
3620
3622
3630
3639
3642
3658
3660
3662
3664
3672
3673
3682
3683
3684
3686
3687
3690
3694
3695
3706
3711
3714
3716
3727
3730
3736
3738
3763
3766
3767
3771
3776
3790
3792
3801
3805
3808
3821
3822
3827
3828
3829
3833
3834
3836
3837
3841
3843
3844
3845
3849
3850
3851
3852
3853
3857
3860
3862
3898
3901
3902
3911
3914
3918
3920
3921
3926
3927
3934
3935
3942
3949
3952
3958
3961
3966
3969
3970
3973
3980
3984
3990
3991
3992
3997
4008
4012
4017
4021
4023
4024
4025
4030
4035
4036
4046
4049
4050
4057
4058
4071
4072
4078
4086
4087
4091
4092
4093
4100
4101
4103
4104
4110
4122
4125
4128
4132
4133
4143
4146
4147
4148
4149
4162
4165
4168
4170
4175
4180
4182
4183
4184
4187
4189
4190
4191
4201
4202
4208
4210
4220
4226
4231
4233
4235
4236
4239
4242
4245
4246
4253
4255
4256
4257
4261
4262
4273
4276
4291
4295
4299
4300
4303
4308
4313
4322
4327
4328
4333
4337
4338
4340
4344
4345
4356
4361
4367
4374
4376
4380
4398
4404
4406
4407
4415
4417
4422
4424
4426
4430
4433
4435
4437
4439
4441
4442
4446
4448
4449
4451
4460
4463
4468
4474
4475
4478
4479
4481
4483
4487
4489
4501
4503
4505
4506
4511
4512
4514
4517
4518
4520
4522
4527
4529
4537
4538
4539
4540
4541
4544
4547
4548
4551
4554
4566
4576
4580
4582
4586
4589
4592
4593
4597
4599
4600
4606
4608
4611
4613
4616
4618
4621
4623
4624
4625
4627
4628
4633
4636
4639
4642
4645
4651
4659
4661
4664
4673
4674
4675
4689
4691
4695
4699
4700
4701
4706
4707
4718
4721
4724
4725
4736
4738
4740
4743
4750
4753
4758
4763
4770
4771
4781
4784
4789
4791
4795
4797
4799
4801
4806
4807
4809
4810
4812
4821
4822
4825
4826
4828
4829
4831
4832
4838
4840
4842
4844
4855
4862
4863
4867
4870
4872
4873
4874
4877
4878
4880
4881
4883
4887
4890
4891
4893
4898
4899
4902
4908
4912
4919
4925
4928
4930
4933
4934
4937
4941
4946
4952
4963
4966
4969
4975
4976
4978
4986
4988
4998
5004
5009
5013
5014
5018
5020
5030
5032
5033
5040
5042
5044
5050
5051
5052
5053
5054
5058
5063
5067
5069
5073
5080
5086
5088
5089
5094
5096
5108
5112
5129
5131
5138
5145
5157
5161
5162
5170
5172
5176
5178
5180
5181
5185
5188
5191
5197
5198
5199
5200
5204
5206
5208
5212
5222
5225
5227
5228
5236
5238
5239
5240
5241
5245
5248
5252
5257
5260
5261
5262
5263
5267
5270
5271
5272
5274
5277
5280
5283
5291
5313
5314
5320
5326
5331
5333
5351
5357
5358
5369
5377
5384
5385
5386
5387
5389
5393
5397
5403
5405
5416
5419
5420
5424
5425
5431
5437
5438
5442
5447
5448
5451
5457
5460
5465
5467
5471
5473
5474
5476
5481
5482
5484
5485
5489
5491
5492
5494
5496
5497
5503
5504
5512
5516
5520
5524
5526
5529
5534
5535
5536
5543
5544
5551
5552
5555
5563
5566
5569
5571
5575
5577
5602
5603
5604
5610
5614
5615
5619
5623
5632
5637
5640
5641
5650
5652
5655
5663
5666
5671
5675
5687
5688
5705
5707
5711
5712
5715
5718
5721
5722
5726
5728
5736
5747
5754
5755
5758
5759
5765
5774
5775
5777
5783
5784
5789
5790
5812
5816
5822
5825
5828
5832
5837
5842
5847
5856
5858
5859
5861
5867
5869
5872
5879
5884
5895
5897
5901
5906
5917
5919
5920
5924
5926
5933
5936
5941
5947
5952
5955
5956
5958
5961
5969
5972
5983
5985
5986
5987
5994
6006
6008
6011
6012
6017
6034
6035
6036
6042
6044
6047
6051
6062
6065
6074
6077
6080
6090
6091
6093
6097
6100
6102
6103
6106
6110
6122
6123
6127
6132
6133
6141
6143
6145
6146
6150
6151
6158
6162
6163
6164
6165
6166
6167
6174
6178
6184
6185
6192
6200
6204
6206
6212
6213
6217
6220
6223
6229
6230
6234
6235
6236
6240
6244
6245
6251
6252
6255
6260
6267
6268
6276
6277
6278
6279
6285
6291
6293
6294
6296
6298
6305
6306
6308
6309
6316
6318
6321
6323
6330
6331
6333
6335
6336
6339
6349
6350
6351
6353
6354
6358
6359
6362
6364
6366
6376
6382
6383
6387
6389
6391
6396
6397
6402
6415
6417
6420
6421
6423
6424
6427
6428
6433
6452
6453
6456
6458
6461
6463
6474
6475
6476
6478
6490
6491
6493
6495
6496
6508
6515
6520
6532
6533
6540
6545
6549
6559
6561
6564
6581
6584
6586
6602
6604
6610
6611
6620
6621
6629
6630
6638
6639
6646
6649
6651
6657
6663
6667
6670
6686
6687
6694
6700
6702
6712
6719
6728
6730
6734
6736
6738
6742
6754
6755
6763
6764
6770
6777
6782
6783
6784
6786
6787
6791
6793
6794
6802
6803
6805
6809
6813
6818
6823
6829
6835
6837
6839
6841
6842
6843
6848
6850
6860
6864
6868
6869
6872
6873
6875
6876
6883
6889
6894
6896
6897
6898
6905
6906
6907
6912
6913
6915
6917
6921
6922
6932
6933
6939
6953
6955
6956
6959
6961
6964
6969
6971
6976
6981
6983
6987
6994
7001
7004
7009
7015
7019
7020
7021
7023
7034
7035
7036
7038
7042
7046
7048
7049
7050
7057
7058
7060
7062
7067
7069
7072
7083
7085
7088
7089
7094
7096
7102
7104
7107
7108
7109
7128
7134
7135
7136
7138
7141
7142
7145
7147
7153
7157
7161
7167
7171
7177
7179
7180
7181
7183
7189
7194
7195
7196
7202
7207
7211
7221
7222
7225
7229
7231
7232
7233
7239
7241
7244
7246
7252
7253
7256
7257
7261
7262
7268
7277
7284
7285
7287
7288
7296
7297
7298
7301
7302
7303
7304
7312
7319
7321
7322
7323
7333
7334
7338
7343
7345
7347
7354
7357
7359
7360
7362
7366
7367
7377
7378
7382
7385
7391
7395
7397
7398
7403
7404
7407
7412
7414
7417
7420
7421
7426
7428
7431
7434
7438
7440
7450
7451
7458
7470
7478
7479
7484
7485
7487
7498
7504
7506
7508
7513
7514
7517
7518
7521
7522
7523
7525
7533
7535
7536
7537
7541
7549
7551
7553
7557
7558
7559
7563
7565
7573
7574
7575
7581
7582
7586
7588
7593
7594
7595
7597
7604
7614
7619
7620
7621
7627
7630
7637
7641
7642
7646
7648
7650
7660
7662
7666
7670
7671
7673
7674
7675
7678
7679
7681
7684
7690
7691
7695
7700
7701
7703
7705
7712
7713
7722
7725
7729
7731
7746
7747
7750
7759
7760
7762
7763
7765
7784
7793
7799
7806
7813
7814
7817
7818
7820
7823
7830
7831
7832
7836
7837
7839
7840
7846
7857
7859
7862
7864
7870
7879
7880
7884
7892
7893
7894
7897
7899
7908
7913
7923
7925
7930
7931
7935
7938
7945
7947
7950
7953
7955
7979
7981
7989
7990
8001
8002
8010
8019
8029
8035
8041
8042
8048
8061
8066
8072
8074
8078
8083
8085
8086
8097
8099
8103
8106
8110
8113
8115
8120
8123
8124
8143
8151
8154
8155
8162
8166
8167
8174
8180
8185
8188
8193
8200
8201
8205
8211
8219
8235
8239
8241
8242
8248
8252
8255
8258
8261
8274
8278
8285
8288
8290
8291
8292
8298
8305
8318
8320
8321
8332
8334
8337
8344
8348
8352
8355
8357
8358
8359
8362
8369
8370
8375
8377
8379
8380
8381
8383
8385
8386
8388
8392
8393
8394
8398
8400
8404
8408
8410
8411
8412
8430
8431
8441
8444
8447
8449
8450
8453
8459
8460
8462
8464
8467
8485
8486
8490
8499
8500
8502
8521
8522
8529
8531
8538
8544
8546
8547
8555
8562
8563
8568
8572
8581
8584
8588
8590
8595
8598
8604
8606
8612
8617
8618
8633
8637
8643
8652
8655
8659
8661
8667
8671
8673
8678
8681
8687
8688
8690
8695
8708
8717
8720
8722
8725
8726
8729
8731
8734
8735
8737
8742
8745
8748
8750
8751
8757
8758
8760
8763
8769
8771
8773
8777
8778
8783
8785
8791
8794
8799
8800
8804
8808
8814
8816
8819
8821
8836
8838
8841
8842
8844
8845
8852
8857
8859
8862
8871
8872
8873
8875
8877
8878
8879
8880
8884
8886
8891
8898
8901
8902
8903
8904
8908
8909
8913
8916
8932
8934
8940
8943
8944
8947
8949
8950
8954
8955
8959
8962
8967
8970
8972
8975
8978
8980
8981
8988
8989
8998
9000
9001
9006
9007
9011
9015
9019
9022
9029
9032
9045
9057
9066
9068
9072
9073
9075
9079
9080
9082
9093
9094
9096
9097
9107
9108
9116
9122
9123
9131
9133
9135
9149
9153
9156
9157
9159
9160
9161
9165
9168
9170
9176
9180
9183
9185
9189
9190
9196
9197
9199
9202
9220
9222
9224
9226
9227
9230
9233
9234
9235
9238
9240
9242
9250
9258
9265
9277
9278
9282
9283
9292
9296
9315
9322
9330
9331
9332
9355
9362
9364
9371
9376
9380
9381
9382
9388
9389
9394
9404
9407
9410
9413
9419
9420
9423
9427
9430
9436
9449
9451
9455
9461
9466
9469
9477
9481
9482
9485
9487
9489
9490
9504
9505
9508
9516
9521
9526
9527
9530
9532
9533
9541
9543
9544
9546
9550
9551
9554
9561
9573
9575
9579
9581
9586
9588
9591
9599
9601
9602
9604
9606
9614
9620
9622
9625
9631
9632
9639
9652
9653
9655
9657
9663
9665
9673
9674
9681
9684
9687
9694
9695
9701
9705
9708
9710
9715
9718
9722
9724
9730
9734
9739
9740
9742
9744
9753
9759
9760
9763
9765
9766
9769
9770
9779
9780
9781
9784
9785
9798
9802
9803
9807
9808
9811
9819
9820
9836
9839
9847
9853
9863
9865
9871
9873
9878
9889
9890
9893
9894
9897
9900
9904
9905
9909
9912
9914
9915
9916
9917
9924
9930
9931
9935
9946
9957
9959
9967
9970
9972
9977
9978
9980
9982
9988
9990
9992
9996
9997
10014
10015
10023
10032
10033
10037
10039
10047
10050
10052
10054
10056
10059
10061
10064
10065
10076
10078
10079
10080
10081
10083
10100
10105
10108
10111
10113
10119
10120
10121
10130
10131
10134
10135
10136
10137
10146
10147
10148
10149
10158
10164
10170
10181
10183
10193
10194
10196
10199
10202
10205
10208
10209
10228
10234
10237
10241
10246
10252
10259
10264
10267
10275
10279
10284
10285
10286
10292
10293
10294
10300
10302
10304
10308
10313
10314
10317
10318
10319
10323
10329
10331
10335
10340
10342
10345
10346
10347
10353
10361
10363
10369
10370
10374
10375
10376
10378
10381
10382
10389
10390
10394
10397
10400
10406
10411
10412
10413
10415
10417
10418
10424
10426
10427
10434
10437
10442
10443
10449
10451
10452
10462
10473
10477
10480
10483
10484
10487
10490
10494
10497
10504
10505
10506
10508
10509
10512
10522
10523
10524
10525
10526
10529
10533
10537
10539
10541
10544
10546
10550
10552
10566
10567
10581
10583
10589
10596
10597
10602
10605
10610
10614
10616
10619
10626
10631
10632
10641
10645
10646
10659
10663
10674
10679
10681
10685
10690
10691
10699
10704
10707
10712
10719
10720
10723
10724
10728
10731
10733
10736
10741
10742
10745
10756
10758
10763
10764
10771
10772
10779
10780
10782
10791
10797
10798
10799
10800
10801
10804
10809
10812
10817
10818
10827
10830
10837
10839
10844
10845
10850
10852
10855
10859
10860
10862
10863
10866
10867
10872
10879
10884
10886
10888
10893
10894
10895
10896
10899
10921
10922
10923
10929
10931
10934
10935
10940
10945
10946
10955
10960
10975
10989
10990
11002
11011
11016
11020
11021
11024
11025
11030
11031
11032
11033
11034
11041
11042
11045
11049
11052
11060
11064
11069
11071
11081
11085
11087
11096
11101
11114
11116
11121
11122
11124
11140
11144
11146
11150
11152
11156
11157
11162
11163
11164
11165
11168
11174
11181
11185
11186
11192
11193
11194
11197
11198
11200
11210
11216
11223
11224
11235
11236
11237
11238
11243
11250
11252
11258
11276
11279
11283
11297
11298
11302
11305
11306
11307
11308
11310
11314
11316
11319
11330
11331
11333
11334
11349
11351
11354
11362
11368
11369
11372
11376
11377
11383
11388
11390
11392
11394
11395
11397
11398
11399
11401
11412
11413
11418
11420
11425
11429
11432
11435
11437
11440
11446
11449
11450
11453
11454
11457
11459
11460
11467
11468
11472
11475
11482
11486
11487
11492
11497
11504
11507
11508
11509
11512
11513
11515
11521
11532
11533
11537
11538
11539
11540
11544
11547
11549
11556
11561
11564
11565
11566
11568
11570
11576
11577
11578
11583
11592
11597
11601
11602
11607
11610
11612
11620
11627
11630
11636
11637
11646
11648
11658
11659
11664
11674
11679
11682
11684
11694
11705
11706
11708
11712
11714
11720
11721
11722
11730
11735
11737
11740
11741
11747
11757
11759
11761
11768
11770
11774
11789
11794
11797
11803
11814
11815
11818
11819
11820
11832
11838
11845
11863
11867
11870
11873
11875
11877
11883
11899
11901
11921
11925
11938
11939
11943
11954
11959
11960
11967
11971
11973
11978
11981
11984
11988
11992
11994
12004
12006
12012
12019
12023
12025
12045
12047
12049
12051
12054
12058
12059
12061
12064
12067
12071
12073
12082
12083
12088
12090
12093
12098
12131
12135
12137
12138
12142
12144
12145
12149
12167
12169
12170
12173
12175
12185
12191
12192
12194
12196
12204
12205
12207
12208
12215
12216
12217
12218
12223
12228
12232
12233
12242
12243
12248
12257
12262
12267
12268
12271
12274
12275
12276
12277
12279
12281
12282
12284
12285
12287
12293
12302
12313
12314
12315
12317
12319
12320
12323
12326
12330
12336
12342
12349
12351
12355
12357
12371
12383
12386
12392
12396
12402
12403
12413
12415
12420
12423
12425
12431
12433
12434
12447
12463
12467
12471
12480
12482
12484
12487
12494
12498
12504
12512
12516
12517
12520
12521
12533
12537
12550
12556
12558
12576
12577
12578
12579
12586
12592
12602
12604
12621
12622
12629
12637
12638
12639
12645
12649
12652
12655
12663
12667
12673
12676
12683
12688
12691
12693
12695
12703
12704
12705
12706
12708
12713
12722
12723
12725
12727
12733
12736
12741
12749
12751
12753
12758
12762
12771
12775
12787
12789
12791
12795
12800
12811
12823
12832
12833
12835
12840
12852
12853
12860
12861
12862
12863
12868
12869
12880
12883
12885
12888
12892
12897
12901
12904
12908
12911
12915
12916
12920
12921
12925
12929
12930
12931
12932
12945
12951
12954
12955
12973
12974
12976
12988
12991
12995
12997
12998
13004
13010
13028
13032
13037
13039
13041
13042
13047
13058
13061
13070
13074
13079
13083
13087
13092
13096
13098
13108
13115
13116
13118
13120
13122
13123
13127
13128
13136
13140
13156
13158
13162
13163
13166
13167
13169
13171
13178
13180
13190
13195
13197
13199
13201
13203
13204
13207
13210
13214
13220
13224
13225
13232
13234
13241
13243
13244
13245
13248
13259
13261
13262
13263
13264
13267
13270
13274
13279
13285
13289
13291
13296
13299
13303
13310
13319
13320
13322
13325
13327
13349
13351
13368
13372
13375
13376
13378
13380
13382
13389
13391
13398
13405
13425
13431
13443
13444
13456
13462
13471
13481
13490
13491
13493
13496
13499
13507
13511
13513
13515
13517
13521
13523
13530
13533
13543
13545
13554
13557
13558
13560
13561
13565
13566
13567
13568
13571
13574
13580
13581
13583
13584
13588
13592
13593
13594
13595
13596
13597
13604
13607
13609
13618
13621
13623
13626
13627
13628
13634
13636
13637
13643
13644
13645
13647
13649
13653
13655
13660
13664
13670
13671
13672
13676
13678
13681
13682
13688
13694
13696
13706
13707
13723
13725
13729
13730
13738
13739
13750
13751
13760
13761
13764
13765
13782
13784
13793
13794
13796
13805
13807
13810
13811
13813
13814
13817
13822
13828
13833
13837
13839
13841
13855
13860
13865
13866
13867
13869
13871
13872
13877
13898
13901
13907
13914
13915
13917
13918
13919
13925
13929
13932
13941
13943
13947
13950
13955
13956
13958
13961
13962
13968
13969
13971
13978
13979
13980
13981
13985
13991
13995
13998
14001
14004
14005
14006
14007
14008
14010
14014
14019
14020
14022
14023
14024
14033
14035
14037
14038
14044
14046
14047
14048
14050
14059
14062
14063
14064
14070
14075
14078
14083
14084
14085
14090
14091
14093
14106
14107
14108
14115
14118
14121
14124
14125
14128
14130
14140
14143
14144
14160
14161
14162
14166
14171
14172
14173
14183
14184
14185
14199
14201
14211
14221
14222
14223
14230
14234
14237
14244
14259
14264
14269
14272
14274
14282
14283
14288
14292
14294
14299
14308
14312
14314
14316
14321
14322
14323
14324
14327
14334
14336
14338
14341
14345
14347
14358
14369
14371
14372
14380
14391
14398
14400
14401
14403
14411
14412
14418
14421
14438
14440
14441
14442
14459
14465
14476
14485
14487
14489
14490
14495
14500
14501
14507
14513
14514
14519
14525
14533
14542
14555
14558
14560
14561
14564
14565
14568
14573
14574
14580
14583
14584
14587
14593
14600
14615
14617
14631
14638
14651
14654
14662
14663
14666
14672
14679
14684
14694
14695
14699
14701
14702
14707
14714
14721
14726
14728
14731
14734
14735
14736
14738
14743
14751
14754
14761
14763
14765
14771
14774
14799
14818
14819
14820
14822
14825
14845
14846
14857
14861
14865
14869
14874
14877
14881
14883
14885
14887
14891
14907
14909
14915
14917
14924
14928
14933
14939
14942
14943
14945
14946
14947
14953
14961
14962
14963
14965
14971
14978
14988
14989
14993
14995
14997
14999
