7
35
39
43
49
64
68
69
73
75
81
92
95
108
111
119
139
147
148
154
159
179
181
190
193
207
211
214
218
226
235
241
248
253
254
259
261
289
305
325
344
350
356
357
378
397
398
401
402
403
404
409
414
423
424
440
457
467
470
475
480
481
482
501
518
524
527
530
542
550
551
555
565
568
595
596
599
608
634
638
650
653
658
662
664
670
672
678
679
688
692
695
702
703
710
716
718
727
730
752
755
761
762
777
783
793
794
802
804
810
812
823
827
829
843
851
856
869
875
881
882
887
890
893
894
896
911
917
920
921
923
931
932
933
947
948
951
952
963
991
995
1008
1011
1028
1038
1040
1043
1044
1045
1053
1063
1064
1069
1071
1072
1078
1091
1094
1096
1102
1115
1116
1118
1121
1128
1138
1142
1143
1150
1164
1166
1180
1183
1193
1199
1201
1218
1219
1222
1223
1240
1254
1258
1265
1269
1281
1289
1295
1307
1309
1321
1326
1327
1338
1348
1349
1354
1358
1359
1363
1367
1369
1375
1378
1412
1422
1430
1432
1439
1446
1461
1467
1471
1476
1479
1480
1506
1528
1534
1548
1554
1567
1573
1585
1587
1599
1608
1620
1622
1625
1640
1652
1654
1658
1659
1661
1662
1669
1679
1680
1687
1716
1719
1734
1738
1749
1756
1763
1772
1785
1788
1801
1813
1815
1817
1819
1836
1837
1839
1845
1850
1857
1874
1896
1908
1909
1932
1950
1972
1974
1976
1998
2000
2001
2011
2014
2021
2022
2023
2024
2026
2028
2029
2034
2036
2041
2043
2050
2063
2078
2097
2114
2119
2120
2124
2137
2141
2146
2147
2161
2163
2167
2168
2172
2175
2187
2193
2200
2214
2215
2217
2222
2225
2234
2246
2254
2264
2273
2283
2302
2303
2307
2314
2317
2321
2322
2325
2346
2366
2383
2421
2451
2454
2460
2472
2482
2487
2493
2501
2510
2514
2527
2534
2544
2546
2550
2554
2557
2570
2579
2582
2605
2613
2626
2635
2656
2673
2679
2682
2686
2693
2695
2696
2702
2705
2707
2712
2714
2717
2722
2724
2729
2737
2751
2757
2766
2770
2771
2772
2785
2787
2791
2793
2807
2808
2817
2818
2829
2835
2836
2838
2847
2860
2878
2879
2884
2891
2897
2937
2942
2947
2951
2955
2959
2964
2967
2968
2974
2978
2981
2985
2987
2993
2997
3013
3017
3029
3032
3045
3060
3072
3089
3094
3105
3110
3112
3114
3119
3124
3130
3140
3143
3144
3157
3171
3178
3180
3182
3183
3188
3193
3194
3200
3209
3213
3215
3223
3234
3235
3236
3252
3264
3266
3272
3274
3282
3290
3294
3297
3303
3307
3314
3316
3334
3336
3342
3343
3344
3349
3359
3363
3367
3370
3394
3398
3404
3406
3413
3419
3420
3429
3436
3440
3444
3449
3451
3452
3454
3458
3469
3471
3476
3501
3518
3549
3551
3560
3564
3571
3573
3578
3579
3582
3586
3600
3605
3607
3608
3610
3626
3633
3637
3645
3656
3657
3660
3679
3684
3686
3694
3696
3699
3704
3710
3718
3735
3736
3742
3753
3755
3757
3759
3760
3762
3773
3778
3785
3787
3800
3810
3815
3831
3838
3847
3850
3856
3858
3868
3873
3876
3884
3887
3891
3898
3902
3904
3920
3924
3928
3930
3932
3933
3936
3952
3957
3968
3971
3973
3983
3996
4005
4006
4013
4022
4030
4032
4035
4036
4043
4047
4053
4057
4069
4074
4112
4130
4138
4145
4149
4153
4162
4167
4189
4194
4196
4197
4206
4207
4225
4232
4234
4236
4246
4249
4265
4275
4278
4285
4300
4307
4321
4327
4330
4335
4341
4346
4355
4356
4364
4367
4368
4377
4382
4387
4393
4398
4409
4413
4420
4427
4432
4435
4447
4448
4449
4458
4466
4469
4480
4481
4486
4487
4488
4494
4503
4510
4515
4538
4545
4554
4556
4562
4567
4573
4574
4575
4578
4595
4597
4609
4612
4620
4622
4630
4638
4639
4652
4668
4680
4686
4689
4705
4709
4714
4722
4723
4725
4728
4737
4753
4766
4768
4771
4773
4786
4796
4799
4817
4841
4851
4852
4856
4857
4863
4869
4870
4873
4895
4896
4901
4929
4933
4940
4945
4967
4971
4975
4984
4998
5002
5004
5006
5013
5017
5019
5022
5028
5034
5037
5043
5044
5056
5058
5061
5071
5072
5073
5084
5086
5099
5101
5133
5140
5148
5152
5156
5163
5166
5171
5177
5179
5185
5192
5210
5215
5216
5221
5241
5258
5266
5277
5279
5286
5287
5302
5315
5316
5323
5339
5343
5345
5346
5356
5363
5364
5379
5386
5399
5401
5407
5414
5425
5429
5442
5444
5445
5447
5450
5462
5485
5495
5497
5503
5507
5513
5519
5530
5544
5555
5568
5575
5590
5593
5599
5601
5603
5606
5607
5616
5630
5632
5635
5639
5646
5650
5652
5665
5669
5694
5695
5697
5699
5705
5710
5712
5716
5721
5737
5740
5747
5748
5753
5763
5778
5781
5785
5796
5800
5805
5811
5818
5821
5834
5837
5849
5860
5861
5864
5865
5871
5879
5883
5887
5891
5914
5919
5927
5928
5937
5950
5953
5964
5973
5991
6000
6005
6011
6029
6032
6037
6050
6055
6065
6073
6087
6097
6104
6107
6108
6113
6114
6115
6116
6125
6126
6140
6141
6146
6150
6161
6172
6176
6190
6192
6193
6196
6199
6213
6249
6269
6274
6289
6299
6306
6317
6327
6334
6345
6353
6360
6364
6368
6369
6374
6382
6389
6393
6395
6401
6405
6432
6435
6439
6444
6449
6452
6458
6476
6494
6523
6525
6534
6551
6552
6554
6564
6569
6573
6584
6595
6600
6601
6619
6622
6625
6640
6643
6647
6653
6654
6663
6664
6668
6673
6675
6681
6686
6702
6706
6732
6741
6748
6756
6762
6769
6771
6775
6777
6789
6809
6816
6829
6832
6841
6854
6857
6865
6869
6891
6893
6900
6902
6903
6910
6922
6936
6972
6976
6977
6986
6990
7008
7029
7032
7033
7038
7041
7046
7048
7055
7057
7060
7069
7072
7073
7102
7106
7108
7114
7119
7122
7123
7126
7129
7141
7142
7143
7144
7146
7148
7149
7165
7176
7183
7186
7187
7199
7200
7203
7207
7226
7227
7232
7234
7243
7244
7245
7246
7247
7251
7252
7257
7266
7273
7275
7284
7291
7293
7294
7302
7303
7304
7306
7311
7314
7321
7333
7369
7379
7392
7393
7403
7411
7412
7422
7424
7425
7428
7429
7438
7446
7452
7457
7458
7462
7479
7489
7500
7520
7523
7531
7536
7537
7539
7557
7571
7576
7577
7600
7609
7615
7619
7623
7638
7641
7653
7655
7675
7681
7686
7693
7698
7705
7728
7740
7743
7747
7751
7755
7761
7773
7775
7783
7790
7791
7806
7811
7812
7827
7828
7842
7853
7856
7857
7860
7868
7874
7890
7903
7906
7908
7938
7941
7957
7965
7967
7973
7975
7992
7997
8004
8007
8018
8025
8036
8037
8038
8060
8061
8065
8081
8082
8090
8095
8098
8099
8101
8109
8121
8126
8137
8159
8166
8182
8186
8193
8199
8213
8215
8218
8222
8223
8232
8237
8239
8250
8257
8288
8296
8305
8313
8319
8323
8325
8350
8359
8366
8370
8387
8397
8402
8403
8404
8406
8407
8409
8410
8427
8428
8432
8455
8463
8468
8481
8504
8507
8511
8512
8514
8533
8534
8544
8545
8563
8568
8570
8575
8581
8591
8597
8612
8622
8626
8647
8648
8650
8657
8658
8668
8677
8678
8679
8688
8701
8707
8710
8713
8718
8719
8721
8727
8728
8751
8752
8754
8760
8761
8773
8778
8786
8794
8795
8811
8835
8839
8857
8864
8867
8870
8876
8877
8885
8891
8902
8907
8915
8930
8937
8947
8968
8993
9000
9005
9023
9035
9038
9052
9053
9059
9065
9073
9093
9099
9106
9121
9144
9146
9152
9166
9180
9181
9193
9217
9218
9219
9223
9228
9239
9248
9282
9292
9301
9310
9315
9319
9324
9335
9337
9343
9344
9350
9351
9359
9366
9385
9391
9394
9398
9399
9414
9417
9418
9424
9442
9451
9458
9468
9485
9487
9488
9507
9512
9524
9527
9537
9541
9547
9550
9569
9576
9577
9587
9607
9618
9619
9628
9635
9638
9649
9650
9672
9680
9683
9684
9694
9702
9721
9724
9731
9732
9748
9752
9762
9772
9774
9779
9780
9781
9798
9807
9813
9814
9822
9834
9839
9845
9846
9849
9854
9886
9907
9916
9922
9934
9942
9946
9961
9965
9966
9991
9995
10000
10012
10021
10024
10027
10036
10039
10047
10060
10063
10064
10069
10075
10095
10102
10106
10126
10127
10136
10139
10155
10160
10201
10209
10211
10217
10233
10247
10251
10256
10261
10267
10270
10293
10309
10312
10326
10327
10328
10341
10349
10359
10360
10367
10372
10387
10390
10397
10399
10405
10429
10435
10451
10459
10475
10489
10492
10506
10512
10524
10544
10572
10583
10585
10591
10606
10607
10609
10613
10615
10625
10628
10649
10654
10682
10693
10696
10697
10701
10717
10724
10726
10738
10756
10758
10759
10771
10775
10777
10784
10790
10791
10798
10809
10813
10824
10831
10833
10842
10850
10855
10858
10870
10874
10890
10899
10901
10920
10922
10923
10929
10945
10955
10960
10976
10977
10986
10997
10999
11011
11013
11028
11032
11036
11049
11071
11074
11075
11091
11096
11105
11110
11125
11129
11137
11140
11147
11148
11155
11161
11162
11182
11191
11192
11193
11204
11208
11213
11215
11220
11222
11236
11241
11242
11247
11264
11275
11278
11286
11290
11293
11295
11302
11309
11311
11313
11314
11319
11320
11327
11328
11344
11355
11361
11372
11373
11375
11376
11381
11382
11406
11423
11432
11458
11476
11485
11488
11493
11512
11516
11519
11533
11537
11538
11539
11540
11545
11552
11574
11575
11589
11590
11610
11612
11618
11634
11644
11648
11651
11653
11655
11658
11662
11665
11673
11681
11684
11685
11690
11701
11704
11707
11709
11723
11736
11741
11747
11763
11768
11787
11796
11797
11798
11802
11809
11811
11824
11829
11855
11856
11872
11887
11888
11889
11898
11903
11909
11913
11915
11917
11928
11949
11953
11959
11960
11961
11980
11984
11988
11989
11991
11995
12001
12005
12007
12016
12030
12035
12036
12047
12049
12050
12059
12060
12061
12066
12078
12080
12083
12088
12093
12096
12104
12106
12130
12132
12138
12141
12152
12156
12166
12169
12171
12177
12192
12197
12202
12203
12207
12211
12229
12230
12231
12241
12243
12246
12263
12264
12271
12284
12288
12302
12303
12310
12314
12318
12319
12325
12336
12337
12342
12344
12346
12364
12368
12372
12373
12378
12399
12409
12415
12436
12443
12445
12454
12462
12463
12465
12466
12475
12479
12480
12482
12489
12491
12498
12510
12517
12518
12526
12529
12544
12549
12553
12558
12562
12567
12572
12592
12593
12596
12600
12611
12621
12629
12638
12639
12642
12660
12661
12663
12666
12677
12679
12684
12685
12686
12694
12698
12706
12711
12713
12716
12725
12730
12747
12748
12756
12762
12768
12772
12773
12783
12785
12787
12792
12796
12803
12805
12819
12820
12829
12830
12832
12839
12855
12863
12867
12879
12880
12886
12896
12916
12925
12937
12944
12958
12967
12968
12970
12985
12988
12995
12999
13006
13010
13040
13058
13060
13062
13063
13069
13089
13091
13094
13102
13103
13104
13112
13115
13118
13120
13121
13127
13130
13131
13135
13138
13143
13148
13151
13152
13158
13177
13185
13190
13197
13202
13207
13209
13210
13216
13217
13222
13234
13235
13236
13243
13249
13251
13252
13255
13256
13259
13265
13276
13279
13285
13287
13289
13290
13301
13303
13319
13337
13339
13341
13348
13364
13383
13392
13401
13421
13427
13439
13454
13475
13482
13492
13503
13541
13552
13558
13569
13576
13584
13592
13595
13596
13599
13602
13607
13621
13628
13638
13647
13673
13687
13691
13703
13711
13719
13730
13733
13735
13739
13746
13747
13754
13781
13785
13794
13805
13819
13820
13822
13823
13834
13864
13865
13870
13880
13884
13886
13894
13909
13910
13911
13912
13949
13971
13974
13976
13977
13998
14024
14027
14030
14037
14046
14047
14067
14076
14089
14091
14093
14094
14098
14099
14103
14104
14108
14129
14132
14133
14141
14147
14153
14160
14163
14169
14179
14180
14196
14205
14220
14224
14228
14232
14236
14244
14247
14263
14268
14280
14281
14294
14297
14301
14324
14329
14339
14343
14362
14363
14370
14371
14380
14381
14393
14402
14403
14407
14420
14422
14425
14428
14434
14442
14444
14449
14458
14471
14481
14484
14487
14501
14513
14526
14527
14529
14538
14541
14555
14559
14564
14601
14604
14611
14631
14635
14655
14665
14670
14671
14678
14691
14692
14696
14700
14704
14709
14710
14711
14713
14720
14722
14736
14746
14749
14757
14758
14766
14775
14778
14779
14800
14803
14806
14813
14816
14825
14833
14835
14844
14847
14853
14857
14859
14874
14886
14889
14892
14903
14915
14924
14926
14939
14944
14946
14947
14950
14952
14956
14965
14975
14980
