2
3
4
7
9
10
12
18
20
21
23
25
28
29
30
31
32
33
38
39
40
41
42
44
45
46
47
49
50
51
52
54
55
56
59
60
61
62
64
67
68
69
73
75
76
77
78
82
85
87
88
89
91
92
93
94
95
97
98
100
104
105
106
107
108
109
110
111
112
113
114
115
116
117
119
120
122
125
126
127
128
129
131
134
135
137
138
139
140
141
142
143
144
146
147
148
150
151
153
158
160
161
162
164
166
167
169
172
173
175
177
179
180
182
184
186
187
189
193
197
199
201
202
205
206
208
209
211
212
213
214
217
218
219
220
222
223
224
225
229
230
232
234
235
237
238
239
240
241
242
244
246
247
248
249
252
253
254
255
259
260
261
262
263
265
266
267
268
270
271
272
273
274
276
278
279
280
281
282
283
285
286
287
289
290
292
293
295
298
299
300
301
302
303
304
307
308
309
310
311
314
315
316
318
321
322
323
324
325
326
327
328
329
330
331
332
333
334
336
337
338
339
340
343
344
346
347
348
350
351
352
353
354
356
360
362
363
364
367
368
369
370
372
373
374
375
377
379
380
381
382
383
384
385
387
388
389
391
394
395
396
397
399
400
401
402
404
405
406
407
408
410
411
412
415
416
417
419
420
421
422
423
424
425
427
429
431
432
433
435
436
438
439
440
441
442
443
444
446
451
452
453
454
456
458
459
462
463
464
465
466
467
468
469
470
472
473
474
475
478
479
480
481
482
483
484
485
486
490
491
492
493
494
495
496
497
499
500
501
502
503
504
505
506
507
508
510
512
513
518
519
520
522
523
525
528
529
530
532
534
536
537
538
539
540
541
542
544
545
546
548
553
554
555
556
557
558
559
560
561
562
563
565
566
567
568
569
571
572
573
574
577
579
580
582
583
584
586
588
589
590
592
595
596
597
599
600
601
606
609
610
611
613
616
617
618
619
620
621
622
623
624
627
628
629
630
632
634
635
637
638
640
641
642
643
644
646
648
650
651
652
654
656
657
658
659
660
661
662
663
664
666
667
672
673
674
675
676
678
679
680
681
682
683
685
686
687
688
689
691
692
693
697
699
700
701
702
703
704
706
708
709
711
715
717
718
719
720
721
722
723
724
725
726
727
728
729
730
732
733
734
735
737
738
739
741
744
745
747
749
750
753
754
756
757
758
759
760
761
763
765
766
767
768
769
770
773
775
777
778
779
780
781
782
783
784
785
788
789
791
792
794
795
796
797
798
799
801
802
804
805
806
807
808
809
810
811
812
813
814
815
818
819
820
821
822
823
824
826
828
829
830
831
833
835
836
837
839
840
841
842
844
848
852
853
854
855
856
857
858
859
861
862
863
864
865
866
869
870
871
872
873
874
876
877
878
879
880
881
882
884
886
888
889
890
894
895
896
898
899
900
901
902
905
906
908
909
910
911
912
913
914
915
916
921
922
923
924
925
926
929
930
932
934
935
936
937
938
939
941
942
943
944
945
949
950
951
954
957
958
959
960
962
963
965
966
967
968
969
970
972
975
976
978
979
980
982
983
984
985
986
987
990
991
992
994
995
996
997
1000
1001
1002
1003
1004
1006
1007
1008
1009
1011
1012
1014
1015
1017
1018
1019
1020
1021
1024
1025
1029
1030
1031
1032
1033
1036
1038
1039
1041
1042
1043
1044
1046
1048
1050
1051
1053
1054
1055
1057
1059
1060
1061
1062
1063
1064
1065
1068
1069
1073
1077
1078
1080
1081
1082
1083
1084
1086
1087
1088
1089
1090
1091
1093
1094
1096
1097
1099
1100
1102
1103
1104
1107
1108
1110
1111
1112
1113
1114
1116
1117
1120
1121
1122
1123
1124
1127
1128
1129
1130
1131
1132
1137
1138
1140
1141
1144
1145
1146
1147
1148
1149
1150
1151
1153
1154
1155
1156
1157
1159
1161
1162
1163
1166
1167
1168
1170
1172
1173
1175
1176
1178
1179
1180
1181
1183
1184
1185
1186
1188
1189
1193
1194
1195
1196
1197
1199
1200
1202
1203
1204
1205
1206
1207
1209
1210
1211
1213
1214
1215
1216
1217
1219
1220
1222
1223
1224
1225
1227
1229
1230
1231
1234
1235
1236
1238
1239
1240
1241
1242
1243
1244
1245
1248
1249
1250
1251
1252
1253
1254
1255
1256
1257
1258
1259
1260
1261
1262
1263
1264
1266
1269
1270
1272
1273
1274
1276
1277
1278
1280
1281
1282
1285
1286
1287
1290
1292
1293
1295
1296
1297
1302
1303
1304
1307
1308
1310
1311
1312
1313
1314
1318
1319
1320
1321
1322
1323
1325
1328
1329
1331
1333
1334
1335
1336
1338
1341
1342
1344
1345
1347
1350
1351
1352
1353
1355
1356
1357
1358
1360
1362
1366
1370
1371
1374
1375
1376
1377
1378
1379
1381
1382
1383
1385
1386
1387
1391
1392
1393
1394
1395
1397
1398
1400
1401
1403
1404
1405
1406
1407
1408
1409
1410
1411
1413
1414
1415
1420
1422
1424
1425
1428
1429
1430
1431
1435
1436
1438
1439
1440
1441
1442
1443
1444
1445
1446
1447
1448
1449
1450
1451
1453
1454
1456
1457
1461
1462
1463
1464
1465
1469
1470
1473
1474
1476
1477
1479
1481
1484
1487
1488
1489
1490
1491
1493
1494
1495
1498
1499
1502
1504
1505
1506
1507
1508
1509
1510
1511
1512
1514
1515
1516
1519
1520
1521
1522
1524
1526
1527
1528
1529
1531
1533
1534
1535
1536
1538
1541
1544
1545
1546
1549
1550
1551
1552
1553
1554
1556
1558
1559
1560
1561
1563
1564
1566
1567
1570
1573
1574
1575
1576
1577
1579
1582
1585
1587
1588
1590
1591
1592
1593
1594
1595
1596
1598
1599
1600
1601
1602
1603
1604
1606
1607
1608
1609
1610
1611
1613
1614
1615
1616
1618
1619
1620
1623
1624
1625
1626
1627
1629
1633
1634
1638
1639
1641
1642
1643
1644
1645
1646
1647
1648
1650
1651
1652
1653
1654
1655
1658
1659
1662
1665
1666
1667
1668
1669
1670
1671
1672
1676
1678
1681
1682
1683
1684
1685
1688
1689
1690
1691
1692
1695
1696
1697
1698
1701
1702
1703
1704
1706
1708
1710
1711
1713
1714
1715
1716
1717
1720
1722
1723
1724
1725
1726
1727
1728
1729
1730
1731
1732
1733
1734
1735
1736
1738
1739
1740
1741
1742
1743
1744
1745
1746
1747
1748
1749
1750
1751
1753
1755
1757
1759
1760
1761
1763
1765
1766
1767
1769
1770
1773
1774
1775
1776
1777
1778
1781
1782
1783
1786
1788
1790
1791
1792
1793
1794
1795
1797
1799
1800
1802
1803
1804
1806
1807
1808
1809
1810
1812
1813
1816
1818
1819
1820
1821
1822
1823
1826
1828
1829
1830
1832
1833
1834
1835
1836
1837
1838
1841
1842
1843
1844
1845
1847
1850
1851
1852
1854
1857
1858
1859
1861
1862
1863
1864
1865
1866
1868
1869
1870
1871
1872
1873
1874
1875
1877
1878
1879
1881
1882
1884
1886
1887
1888
1889
1890
1893
1896
1897
1898
1899
1900
1901
1903
1904
1908
1909
1910
1911
1912
1913
1914
1915
1916
1917
1918
1919
1920
1921
1923
1924
1925
1926
1928
1929
1930
1932
1933
1934
1936
1937
1938
1939
1940
1941
1942
1945
1947
1948
1949
1950
1954
1955
1956
1957
1958
1959
1960
1962
1964
1965
1966
1969
1971
1972
1973
1976
1977
1978
1979
1980
1984
1985
1986
1987
1988
1989
1990
1993
1994
1995
1996
1998
1999
2000
2001
2002
2003
2004
2005
2006
2007
2008
2009
2011
2012
2013
2014
2015
2016
2017
2018
2019
2020
2023
2024
2026
2027
2029
2030
2031
2034
2037
2038
2039
2040
2042
2043
2046
2048
2049
2050
2051
2052
2053
2055
2056
2057
2058
2059
2060
2061
2062
2063
2064
2065
2067
2068
2069
2070
2072
2073
2074
2076
2077
2078
2079
2083
2084
2086
2088
2089
2090
2094
2096
2097
2098
2099
2100
2102
2103
2104
2105
2106
2107
2108
2109
2110
2113
2115
2116
2117
2118
2119
2121
2122
2123
2124
2125
2127
2128
2130
2131
2132
2133
2136
2138
2139
2141
2143
2146
2147
2149
2150
2151
2153
2154
2155
2156
2157
2158
2159
2160
2162
2164
2165
2167
2170
2172
2173
2174
2176
2178
2179
2180
2181
2184
2185
2187
2188
2191
2192
2193
2194
2195
2196
2197
2198
2199
2201
2202
2205
2206
2207
2209
2211
2213
2215
2216
2218
2219
2222
2224
2225
2226
2230
2231
2233
2236
2237
2239
2240
2241
2243
2245
2246
2248
2249
2250
2251
2253
2254
2257
2258
2260
2261
2262
2263
2266
2267
2268
2270
2271
2272
2274
2275
2276
2277
2278
2279
2282
2284
2287
2288
2290
2292
2293
2294
2295
2297
2298
2300
2301
2302
2304
2305
2306
2307
2308
2309
2310
2311
2312
2316
2317
2318
2319
2320
2321
2323
2324
2326
2327
2328
2331
2333
2335
2336
2338
2339
2341
2342
2343
2344
2346
2348
2349
2350
2351
2352
2353
2354
2356
2357
2358
2359
2361
2363
2364
2366
2367
2368
2369
2370
2372
2373
2374
2375
2376
2377
2378
2379
2381
2384
2385
2386
2387
2388
2389
2391
2393
2394
2396
2397
2399
2401
2402
2403
2404
2406
2407
2408
2409
2411
2412
2413
2414
2417
2418
2419
2420
2421
2423
2425
2427
2428
2430
2431
2432
2433
2434
2435
2436
2437
2438
2439
2440
2441
2442
2443
2444
2451
2452
2454
2456
2457
2458
2460
2461
2462
2464
2465
2467
2468
2470
2471
2473
2474
2476
2477
2480
2482
2484
2486
2489
2490
2491
2492
2493
2495
2496
2498
2501
2503
2504
2505
2507
2511
2512
2515
2516
2517
2518
2519
2523
2524
2526
2527
2529
2530
2533
2534
2540
2541
2542
2544
2545
2546
2547
2548
2550
2552
2553
2554
2556
2557
2559
2560
2563
2565
2566
2567
2569
2570
2571
2573
2575
2577
2578
2579
2580
2581
2582
2583
2585
2586
2587
2588
2589
2592
2593
2594
2595
2596
2598
2599
2601
2602
2604
2605
2606
2608
2609
2612
2613
2614
2615
2616
2617
2618
2624
2626
2627
2628
2631
2633
2634
2635
2636
2637
2638
2639
2640
2641
2642
2643
2644
2645
2647
2648
2650
2651
2654
2655
2656
2658
2659
2660
2661
2662
2663
2664
2665
2666
2667
2668
2669
2670
2671
2672
2674
2675
2676
2677
2678
2679
2680
2681
2682
2683
2684
2685
2686
2687
2688
2690
2693
2695
2696
2698
2699
2700
2702
2703
2704
2705
2706
2707
2708
2709
2710
2711
2712
2713
2714
2715
2716
2718
2719
2720
2721
2726
2729
2730
2732
2733
2734
2735
2736
2737
2738
2740
2741
2742
2744
2746
2748
2749
2752
2753
2754
2755
2759
2760
2762
2763
2764
2765
2766
2767
2768
2769
2770
2772
2773
2776
2777
2778
2779
2780
2781
2782
2783
2784
2785
2786
2789
2790
2791
2792
2793
2794
2797
2798
2799
2801
2803
2804
2806
2808
2809
2811
2812
2814
2815
2816
2817
2818
2819
2821
2822
2825
2827
2831
2832
2835
2836
2838
2839
2840
2841
2842
2844
2845
2847
2848
2849
2850
2851
2852
2853
2857
2859
2860
2861
2862
2865
2866
2867
2868
2869
2870
2871
2872
2873
2875
2876
2878
2879
2880
2881
2882
2883
2886
2887
2890
2892
2893
2896
2897
2898
2899
2900
2905
2906
2907
2908
2910
2911
2912
2913
2914
2919
2920
2921
2922
2923
2924
2926
2928
2929
2930
2932
2935
2936
2937
2938
2939
2941
2944
2946
2947
2948
2949
2950
2951
2952
2954
2955
2958
2960
2962
2963
2965
2966
2968
2969
2970
2971
2972
2973
2974
2975
2976
2977
2978
2979
2981
2983
2984
2985
2987
2989
2990
2991
2993
2994
2995
2998
2999
3002
3003
3004
3005
3008
3009
3010
3011
3012
3013
3016
3018
3019
3021
3023
3024
3026
3027
3028
3031
3032
3033
3034
3036
3037
3038
3039
3040
3041
3044
3045
3047
3048
3049
3050
3052
3053
3054
3055
3056
3058
3059
3061
3062
3063
3064
3065
3066
3067
3069
3070
3072
3073
3075
3076
3078
3079
3080
3081
3086
3087
3089
3090
3092
3094
3097
3099
3100
3101
3102
3103
3104
3107
3108
3110
3111
3112
3113
3115
3117
3118
3120
3121
3122
3124
3125
3128
3132
3133
3135
3136
3138
3139
3140
3141
3142
3144
3145
3147
3149
3152
3153
3154
3155
3156
3157
3160
3161
3162
3163
3164
3167
3168
3169
3170
3171
3172
3174
3175
3176
3177
3178
3180
3181
3182
3183
3184
3189
3191
3193
3194
3195
3196
3197
3198
3201
3202
3204
3205
3206
3207
3208
3210
3212
3213
3214
3215
3216
3217
3219
3220
3221
3222
3223
3224
3226
3227
3228
3229
3230
3231
3233
3235
3236
3237
3238
3239
3240
3244
3245
3246
3247
3248
3249
3250
3251
3252
3254
3255
3256
3257
3258
3259
3263
3264
3266
3267
3270
3272
3273
3274
3275
3276
3278
3280
3281
3282
3283
3285
3286
3287
3289
3290
3292
3293
3295
3296
3297
3298
3299
3300
3304
3305
3306
3309
3310
3311
3313
3315
3316
3317
3318
3319
3321
3324
3325
3326
3327
3328
3329
3331
3332
3333
3334
3338
3339
3340
3341
3342
3344
3345
3347
3349
3350
3351
3352
3353
3355
3356
3358
3359
3360
3361
3363
3364
3365
3367
3369
3370
3371
3372
3373
3374
3375
3376
3377
3378
3379
3384
3385
3388
3390
3391
3393
3394
3395
3396
3397
3398
3399
3400
3401
3403
3405
3407
3410
3413
3414
3415
3417
3418
3420
3421
3423
3424
3425
3426
3427
3428
3429
3430
3431
3433
3434
3438
3439
3440
3441
3443
3444
3445
3447
3448
3449
3451
3452
3456
3457
3458
3460
3461
3462
3463
3465
3466
3467
3468
3470
3471
3474
3475
3476
3477
3479
3481
3483
3484
3485
3486
3487
3489
3490
3492
3493
3494
3497
3498
3499
3502
3503
3505
3507
3508
3509
3510
3512
3514
3515
3516
3517
3518
3519
3520
3521
3523
3527
3528
3529
3530
3531
3534
3536
3537
3539
3540
3541
3542
3544
3545
3546
3548
3549
3550
3551
3552
3553
3555
3556
3559
3560
3561
3563
3564
3566
3567
3568
3569
3570
3571
3573
3574
3576
3577
3578
3580
3581
3582
3583
3584
3586
3587
3588
3589
3590
3591
3593
3594
3595
3596
3597
3598
3600
3601
3603
3605
3608
3609
3610
3611
3615
3617
3618
3619
3621
3624
3626
3627
3628
3629
3630
3631
3632
3633
3634
3635
3636
3637
3638
3639
3640
3642
3643
3644
3645
3646
3648
3650
3651
3654
3655
3656
3657
3661
3662
3663
3664
3665
3666
3668
3669
3670
3671
3672
3674
3676
3677
3678
3679
3680
3681
3682
3683
3684
3685
3686
3688
3690
3691
3692
3693
3694
3695
3696
3697
3698
3699
3702
3705
3706
3707
3708
3709
3711
3713
3715
3716
3717
3718
3719
3720
3721
3722
3726
3727
3729
3730
3731
3732
3734
3735
3738
3739
3740
3741
3742
3744
3748
3749
3750
3751
3752
3754
3756
3758
3759
3760
3761
3764
3766
3767
3768
3770
3771
3774
3775
3776
3777
3779
3781
3782
3783
3784
3785
3786
3787
3788
3789
3790
3791
3792
3794
3796
3797
3798
3799
3801
3803
3804
3805
3806
3807
3809
3811
3812
3815
3816
3817
3818
3819
3820
3821
3822
3824
3826
3827
3829
3830
3831
3833
3834
3838
3839
3841
3842
3843
3844
3845
3846
3848
3849
3851
3852
3853
3854
3855
3856
3858
3859
3860
3861
3865
3867
3868
3869
3871
3874
3875
3876
3877
3880
3881
3883
3886
3888
3889
3890
3894
3895
3896
3898
3899
3900
3901
3902
3903
3905
3906
3907
3908
3909
3913
3914
3917
3919
3920
3921
3922
3923
3924
3926
3928
3930
3931
3932
3933
3934
3937
3938
3940
3943
3944
3945
3946
3947
3948
3949
3950
3951
3953
3955
3956
3960
3962
3963
3965
3969
3970
3973
3974
3976
3977
3979
3980
3982
3983
3984
3985
3988
3989
3990
3991
3992
3993
3994
3995
3996
3997
3998
3999
4000
4002
4003
4005
4007
4008
4009
4010
4011
4012
4013
4015
4016
4017
4020
4021
4022
4023
4024
4025
4026
4027
4028
4030
4034
4035
4036
4037
4038
4039
4040
4041
4042
4043
4044
4046
4047
4048
4051
4052
4054
4055
4056
4059
4060
4061
4062
4063
4065
4067
4068
4071
4074
4075
4076
4079
4080
4082
4083
4084
4088
4090
4091
4092
4094
4095
4096
4098
4099
4100
4102
4103
4104
4105
4106
4107
4108
4109
4111
4113
4114
4115
4116
4117
4118
4119
4121
4123
4124
4125
4127
4128
4129
4130
4132
4135
4136
4137
4139
4140
4141
4142
4143
4144
4145
4148
4149
4151
4153
4155
4156
4157
4158
4159
4160
4162
4163
4164
4166
4167
4168
4169
4170
4172
4173
4174
4175
4176
4177
4180
4181
4183
4184
4185
4186
4188
4190
4191
4192
4193
4195
4197
4199
4200
4201
4202
4203
4204
4207
4208
4209
4211
4212
4215
4216
4217
4218
4219
4220
4221
4222
4223
4224
4225
4226
4227
4228
4230
4231
4232
4233
4234
4235
4236
4237
4238
4240
4241
4244
4245
4251
4252
4253
4254
4255
4256
4258
4259
4260
4263
4264
4266
4267
4268
4269
4270
4271
4273
4274
4279
4280
4281
4284
4285
4286
4287
4288
4289
4290
4292
4294
4296
4297
4298
4299
4300
4302
4303
4304
4305
4306
4307
4308
4309
4310
4313
4314
4316
4318
4319
4320
4321
4322
4323
4324
4326
4327
4328
4329
4331
4332
4334
4335
4337
4338
4339
4341
4342
4345
4346
4347
4349
4350
4351
4352
4353
4356
4358
4359
4360
4361
4362
4365
4366
4367
4368
4370
4372
4374
4376
4377
4379
4380
4381
4382
4383
4384
4386
4387
4389
4390
4392
4393
4394
4396
4397
4398
4399
4400
4401
4402
4404
4405
4406
4408
4409
4413
4414
4415
4418
4420
4422
4423
4425
4426
4427
4428
4433
4435
4437
4438
4440
4441
4442
4443
4444
4445
4446
4447
4449
4450
4452
4454
4456
4458
4461
4463
4464
4465
4467
4468
4469
4470
4471
4472
4473
4475
4476
4478
4481
4482
4483
4485
4486
4488
4490
4491
4492
4493
4494
4495
4496
4497
4498
4500
4501
4503
4504
4505
4507
4508
4509
4510
4512
4513
4514
4515
4516
4517
4519
4520
4521
4523
4524
4526
4527
4529
4531
4532
4533
4534
4535
4537
4538
4540
4541
4542
4543
4544
4546
4548
4549
4550
4551
4552
4553
4555
4556
4557
4558
4559
4560
4562
4563
4564
4565
4566
4567
4568
4569
4571
4572
4573
4574
4576
4578
4579
4580
4581
4582
4583
4584
4585
4586
4587
4588
4589
4591
4592
4593
4595
4596
4597
4598
4599
4600
4601
4602
4603
4605
4606
4607
4608
4609
4610
4613
4615
4616
4617
4618
4619
4620
4621
4622
4624
4625
4626
4627
4628
4631
4632
4634
4636
4637
4639
4640
4641
4642
4643
4644
4645
4646
4647
4648
4649
4652
4653
4654
4655
4657
4660
4662
4663
4664
4665
4666
4667
4671
4673
4675
4676
4677
4678
4679
4680
4681
4683
4684
4685
4687
4688
4689
4690
4691
4693
4694
4695
4696
4698
4699
4700
4701
4702
4703
4704
4705
4706
4707
4709
4710
4712
4716
4717
4718
4720
4722
4723
4724
4725
4727
4728
4729
4731
4733
4734
4736
4737
4739
4741
4742
4743
4744
4745
4747
4749
4751
4752
4754
4755
4756
4757
4759
4760
4761
4762
4763
4765
4766
4767
4768
4769
4770
4772
4773
4774
4775
4778
4782
4783
4784
4785
4786
4787
4789
4790
4792
4793
4794
4795
4796
4797
4799
4800
4802
4804
4805
4807
4809
4810
4812
4813
4814
4816
4817
4818
4820
4821
4822
4823
4825
4828
4831
4835
4836
4837
4838
4839
4840
4841
4843
4844
4846
4849
4850
4853
4854
4856
4857
4858
4859
4862
4864
4865
4868
4869
4870
4875
4876
4877
4878
4880
4881
4883
4884
4886
4888
4893
4894
4896
4897
4898
4899
4900
4901
4903
4904
4906
4908
4909
4910
4911
4912
4913
4914
4915
4916
4918
4919
4920
4921
4923
4924
4925
4926
4928
4929
4930
4931
4932
4933
4936
4937
4938
4939
4940
4941
4942
4943
4945
4947
4948
4949
4951
4952
4954
4955
4956
4957
4960
4963
4964
4965
4967
4970
4971
4974
4975
4977
4978
4979
4982
4984
4985
4986
4987
4989
4992
4993
4994
4997
4998
4999
5005
5006
5007
5008
5009
5010
5011
5012
5014
5015
5016
5017
5019
5020
5021
5022
5023
5026
5027
5029
5031
5032
5033
5034
5036
5037
5038
5041
5043
5044
5045
5046
5048
5051
5053
5054
5056
5057
5061
5062
5063
5064
5066
5067
5070
5071
5072
5073
5075
5076
5078
5079
5081
5083
5087
5089
5092
5093
5095
5096
5097
5098
5100
5102
5103
5104
5105
5107
5108
5109
5110
5112
5115
5116
5117
5118
5119
5120
5122
5123
5124
5125
5127
5129
5130
5132
5134
5135
5136
5137
5139
5140
5141
5142
5144
5146
5148
5151
5152
5153
5154
5156
5157
5158
5159
5160
5162
5164
5165
5167
5170
5171
5172
5173
5174
5175
5177
5178
5179
5180
5182
5183
5185
5186
5189
5190
5192
5194
5195
5197
5198
5199
5200
5202
5203
5208
5210
5211
5214
5215
5216
5218
5219
5221
5222
5223
5225
5227
5229
5230
5231
5232
5233
5234
5237
5238
5240
5241
5242
5243
5245
5246
5247
5248
5252
5253
5254
5256
5257
5259
5261
5262
5263
5264
5265
5269
5270
5271
5272
5273
5274
5275
5276
5277
5278
5279
5280
5281
5283
5285
5286
5289
5290
5291
5292
5294
5295
5296
5297
5298
5299
5301
5305
5306
5307
5309
5310
5311
5314
5315
5322
5324
5327
5330
5331
5332
5333
5334
5335
5336
5337
5339
5341
5342
5343
5345
5348
5349
5350
5352
5354
5355
5356
5357
5358
5360
5361
5362
5363
5364
5366
5368
5371
5373
5374
5375
5376
5378
5379
5380
5381
5384
5387
5388
5389
5390
5391
5392
5394
5395
5397
5400
5401
5402
5403
5404
5405
5407
5408
5409
5410
5411
5412
5414
5416
5418
5420
5421
5422
5423
5426
5427
5428
5429
5430
5431
5433
5434
5435
5436
5437
5440
5442
5443
5445
5446
5447
5449
5451
5452
5454
5455
5456
5457
5458
5459
5460
5461
5463
5464
5466
5467
5469
5470
5472
5473
5474
5475
5476
5477
5478
5479
5481
5482
5483
5484
5485
5486
5487
5489
5490
5491
5492
5493
5494
5495
5496
5497
5498
5499
5501
5502
5503
5505
5506
5507
5508
5509
5510
5511
5512
5514
5515
5516
5517
5518
5520
5521
5522
5524
5526
5527
5528
5531
5532
5533
5534
5536
5538
5540
5542
5544
5545
5546
5547
5548
5549
5550
5551
5552
5554
5555
5556
5558
5559
5560
5561
5562
5563
5564
5566
5567
5569
5570
5572
5573
5575
5577
5578
5579
5580
5581
5585
5589
5590
5591
5592
5593
5594
5596
5598
5600
5601
5605
5606
5608
5609
5615
5616
5617
5618
5621
5622
5623
5626
5627
5628
5630
5631
5632
5635
5636
5638
5639
5640
5642
5643
5644
5645
5646
5648
5649
5650
5651
5652
5654
5655
5656
5658
5659
5660
5661
5662
5663
5665
5666
5667
5668
5670
5674
5675
5681
5682
5683
5684
5685
5686
5687
5690
5691
5692
5693
5694
5695
5696
5697
5700
5701
5702
5703
5704
5705
5706
5707
5708
5709
5711
5712
5713
5714
5715
5716
5717
5719
5721
5722
5725
5726
5727
5728
5730
5732
5733
5734
5736
5737
5738
5740
5742
5743
5747
5749
5750
5751
5752
5753
5756
5759
5761
5762
5763
5770
5772
5777
5778
5779
5781
5785
5786
5788
5789
5791
5792
5793
5794
5795
5797
5798
5799
5801
5803
5804
5805
5807
5808
5809
5810
5811
5812
5813
5814
5816
5817
5819
5820
5821
5823
5824
5827
5828
5829
5831
5833
5834
5839
5840
5842
5844
5847
5850
5851
5852
5853
5854
5855
5857
5858
5860
5862
5863
5864
5865
5866
5867
5868
5870
5871
5872
5873
5875
5876
5881
5882
5884
5886
5888
5889
5892
5893
5895
5896
5897
5901
5902
5903
5905
5906
5908
5909
5910
5911
5914
5915
5916
5917
5918
5919
5921
5922
5925
5927
5930
5931
5933
5934
5935
5937
5939
5942
5943
5944
5945
5946
5947
5948
5951
5952
5954
5955
5956
5958
5959
5960
5961
5962
5964
5966
5967
5969
5970
5971
5973
5975
5976
5977
5978
5980
5981
5984
5985
5986
5987
5988
5990
5991
5992
5993
5994
5995
5996
5997
5998
5999
6001
6002
6003
6005
6007
6012
6013
6014
6015
6016
6017
6018
6019
6020
6021
6023
6024
6025
6029
6030
6031
6032
6036
6038
6039
6041
6042
6043
6044
6046
6048
6050
6051
6053
6054
6056
6057
6058
6059
6061
6062
6063
6066
6067
6068
6070
6071
6072
6073
6074
6075
6077
6078
6079
6080
6081
6082
6083
6084
6085
6086
6087
6088
6089
6090
6091
6093
6097
6099
6101
6102
6103
6104
6106
6109
6110
6113
6114
6115
6117
6118
6126
6129
6130
6132
6135
6136
6137
6138
6139
6140
6141
6144
6145
6147
6148
6149
6152
6153
6154
6157
6159
6160
6162
6163
6166
6167
6168
6169
6170
6171
6172
6173
6174
6175
6176
6178
6180
6181
6183
6184
6188
6189
6191
6192
6193
6198
6199
6200
6201
6202
6205
6206
6207
6209
6210
6211
6213
6215
6216
6217
6218
6219
6220
6221
6222
6224
6226
6227
6229
6230
6231
6232
6233
6234
6235
6237
6239
6240
6241
6242
6243
6245
6247
6249
6250
6252
6253
6254
6255
6259
6260
6261
6263
6265
6270
6271
6272
6273
6274
6275
6276
6278
6279
6282
6283
6284
6287
6290
6291
6293
6295
6296
6297
6300
6302
6304
6306
6307
6308
6309
6310
6311
6312
6314
6315
6316
6317
6320
6322
6323
6324
6327
6328
6329
6330
6331
6332
6333
6334
6340
6341
6342
6343
6345
6346
6348
6349
6350
6351
6352
6354
6355
6356
6358
6362
6363
6364
6366
6367
6368
6369
6370
6371
6374
6376
6377
6379
6382
6383
6384
6385
6386
6388
6389
6392
6393
6394
6395
6397
6398
6400
6401
6402
6403
6405
6406
6407
6409
6410
6411
6412
6413
6414
6416
6417
6418
6420
6421
6422
6423
6424
6425
6426
6427
6429
6430
6431
6432
6433
6434
6435
6436
6437
6439
6440
6442
6443
6444
6445
6446
6447
6450
6452
6453
6454
6455
6456
6457
6459
6460
6463
6465
6467
6468
6469
6470
6471
6472
6473
6475
6476
6477
6478
6479
6480
6481
6482
6484
6485
6486
6487
6488
6489
6490
6493
6494
6495
6497
6498
6499
6501
6502
6504
6506
6509
6510
6511
6512
6513
6515
6517
6518
6519
6520
6522
6523
6524
6525
6527
6528
6529
6530
6532
6533
6535
6537
6538
6539
6540
6541
6543
6544
6545
6546
6547
6549
6551
6553
6554
6556
6557
6558
6559
6560
6561
6562
6564
6565
6566
6569
6570
6571
6572
6575
6576
6577
6580
6581
6582
6583
6585
6586
6587
6588
6589
6592
6593
6594
6595
6596
6597
6598
6599
6600
6602
6603
6604
6605
6606
6607
6608
6609
6610
6612
6613
6614
6615
6617
6618
6621
6622
6623
6624
6625
6629
6630
6631
6633
6637
6638
6640
6641
6642
6644
6645
6646
6647
6648
6652
6653
6654
6655
6656
6657
6659
6660
6661
6663
6664
6667
6669
6671
6673
6675
6676
6677
6679
6680
6681
6682
6683
6686
6687
6688
6690
6691
6692
6693
6694
6695
6696
6699
6701
6702
6703
6704
6707
6708
6709
6710
6712
6713
6714
6716
6717
6718
6723
6724
6725
6726
6727
6729
6731
6734
6735
6736
6737
6740
6741
6742
6746
6749
6750
6752
6754
6755
6756
6757
6759
6760
6761
6762
6764
6770
6771
6772
6774
6775
6778
6779
6781
6783
6784
6785
6786
6787
6789
6790
6792
6793
6795
6796
6797
6798
6799
6800
6801
6802
6804
6806
6807
6808
6809
6810
6812
6814
6817
6818
6820
6822
6824
6825
6827
6828
6830
6832
6834
6835
6837
6838
6840
6842
6843
6844
6845
6846
6847
6850
6851
6853
6854
6856
6857
6858
6859
6860
6861
6862
6863
6864
6865
6866
6869
6870
6871
6873
6874
6875
6879
6880
6881
6885
6889
6890
6891
6894
6895
6898
6901
6903
6904
6905
6906
6911
6912
6913
6914
6915
6917
6918
6920
6922
6924
6929
6931
6932
6935
6936
6939
6940
6941
6942
6943
6944
6947
6948
6950
6951
6952
6953
6954
6955
6956
6958
6959
6960
6961
6962
6963
6964
6965
6966
6967
6969
6971
6972
6973
6974
6975
6976
6979
6980
6981
6982
6983
6984
6985
6986
6987
6992
6994
6995
6996
6997
7000
7002
7004
7005
7007
7008
7010
7012
7013
7015
7017
7018
7019
7020
7021
7022
7023
7024
7025
7026
7030
7031
7032
7034
7036
7037
7038
7042
7045
7046
7047
7048
7049
7050
7051
7052
7053
7054
7059
7061
7062
7063
7064
7065
7069
7070
7071
7074
7075
7077
7079
7081
7082
7083
7084
7085
7088
7090
7091
7093
7095
7096
7097
7099
7100
7101
7103
7104
7105
7106
7107
7109
7111
7112
7113
7115
7116
7117
7118
7119
7120
7121
7122
7123
7124
7127
7128
7129
7132
7133
7134
7135
7136
7138
7139
7140
7141
7142
7143
7144
7147
7148
7149
7150
7151
7152
7154
7155
7156
7160
7162
7164
7166
7167
7168
7169
7170
7171
7176
7177
7179
7182
7185
7186
7187
7188
7190
7191
7192
7194
7197
7199
7200
7202
7204
7205
7206
7207
7208
7209
7210
7214
7216
7218
7219
7220
7221
7222
7225
7226
7227
7228
7229
7230
7234
7235
7238
7239
7240
7243
7244
7245
7247
7248
7250
7253
7254
7258
7259
7260
7262
7265
7267
7269
7270
7271
7272
7273
7274
7276
7277
7278
7280
7282
7284
7285
7287
7288
7290
7291
7292
7293
7294
7295
7296
7297
7298
7299
7300
7303
7305
7306
7310
7311
7313
7314
7318
7319
7320
7321
7322
7323
7324
7326
7327
7328
7329
7330
7331
7333
7334
7335
7336
7338
7339
7340
7341
7342
7343
7344
7345
7346
7347
7348
7349
7350
7351
7352
7353
7354
7356
7357
7358
7359
7361
7363
7365
7367
7368
7369
7370
7371
7373
7374
7375
7377
7378
7379
7380
7381
7382
7384
7385
7388
7389
7392
7393
7394
7396
7397
7398
7399
7400
7401
7402
7403
7404
7406
7407
7408
7409
7410
7411
7412
7413
7416
7417
7418
7420
7421
7422
7425
7426
7427
7428
7429
7430
7431
7433
7434
7438
7440
7441
7445
7446
7447
7451
7455
7456
7458
7460
7461
7463
7464
7467
7468
7470
7471
7472
7473
7474
7475
7476
7477
7478
7479
7480
7481
7483
7484
7487
7489
7490
7493
7494
7495
7496
7499
7500
7501
7502
7503
7504
7506
7507
7510
7513
7514
7516
7518
7519
7522
7523
7525
7526
7528
7529
7530
7531
7534
7536
7537
7539
7540
7541
7542
7544
7545
7546
7547
7550
7552
7554
7555
7556
7557
7558
7559
7560
7562
7563
7567
7568
7570
7572
7573
7574
7575
7576
7578
7579
7581
7582
7583
7585
7586
7592
7594
7595
7597
7598
7600
7601
7603
7604
7605
7606
7607
7608
7609
7610
7612
7613
7614
7616
7617
7620
7621
7623
7624
7626
7627
7630
7632
7633
7634
7635
7636
7637
7638
7639
7642
7643
7644
7645
7647
7648
7649
7650
7651
7653
7656
7657
7659
7661
7663
7664
7666
7667
7669
7671
7674
7675
7676
7678
7679
7680
7681
7682
7683
7686
7687
7688
7689
7690
7691
7694
7696
7697
7700
7701
7702
7703
7704
7705
7708
7709
7710
7711
7712
7715
7716
7717
7720
7721
7724
7725
7727
7728
7729
7731
7735
7737
7738
7740
7741
7743
7745
7746
7747
7748
7749
7750
7751
7753
7755
7756
7757
7759
7760
7761
7762
7766
7767
7768
7770
7772
7774
7776
7777
7779
7780
7781
7782
7784
7785
7790
7791
7792
7793
7794
7795
7796
7797
7800
7801
7802
7803
7804
7805
7806
7809
7810
7811
7815
7816
7817
7818
7819
7820
7823
7825
7826
7827
7828
7829
7831
7832
7833
7835
7836
7837
7838
7839
7840
7844
7845
7847
7848
7849
7850
7851
7852
7854
7855
7857
7859
7861
7862
7863
7865
7867
7868
7870
7871
7872
7873
7874
7876
7877
7880
7881
7882
7883
7884
7885
7886
7888
7889
7891
7893
7894
7895
7896
7897
7898
7899
7900
7903
7905
7907
7908
7911
7912
7913
7914
7915
7917
7919
7920
7921
7922
7923
7924
7925
7927
7928
7929
7930
7932
7933
7935
7936
7938
7940
7941
7943
7944
7945
7947
7948
7949
7950
7951
7952
7953
7954
7955
7956
7958
7959
7960
7961
7962
7963
7964
7966
7967
7969
7970
7971
7972
7973
7975
7976
7978
7979
7980
7981
7984
7985
7986
7987
7988
7989
7990
7991
7992
7994
7995
7999
8001
8002
8003
8004
8005
8009
8010
8011
8014
8015
8016
8017
8018
8019
8020
8021
8024
8025
8026
8028
8029
8031
8033
8034
8035
8038
8040
8042
8045
8046
8047
8048
8049
8050
8051
8052
8054
8055
8056
8058
8059
8061
8062
8063
8064
8065
8066
8069
8070
8071
8073
8074
8075
8076
8077
8079
8080
8081
8086
8087
8088
8089
8090
8092
8093
8095
8099
8101
8102
8103
8104
8106
8108
8114
8115
8116
8121
8122
8123
8124
8125
8126
8128
8129
8131
8132
8135
8136
8137
8138
8139
8142
8143
8144
8146
8147
8148
8149
8150
8151
8152
8153
8154
8155
8156
8157
8158
8160
8161
8162
8163
8165
8166
8169
8170
8171
8172
8174
8176
8178
8179
8180
8181
8183
8184
8185
8187
8188
8189
8191
8192
8196
8197
8198
8200
8201
8202
8203
8205
8206
8207
8208
8209
8210
8211
8212
8214
8217
8218
8219
8220
8221
8222
8223
8225
8226
8230
8231
8232
8234
8236
8237
8239
8241
8242
8243
8245
8247
8248
8249
8250
8251
8252
8253
8254
8255
8256
8257
8258
8260
8262
8266
8267
8271
8272
8273
8275
8277
8278
8279
8280
8281
8282
8283
8284
8286
8288
8291
8292
8293
8295
8296
8297
8298
8300
8301
8302
8304
8305
8307
8308
8312
8316
8317
8320
8321
8322
8323
8324
8325
8326
8327
8328
8329
8331
8332
8334
8335
8337
8340
8341
8342
8343
8344
8345
8346
8347
8349
8350
8351
8352
8353
8354
8356
8357
8358
8360
8361
8362
8363
8365
8366
8367
8368
8370
8371
8372
8375
8376
8377
8379
8380
8382
8383
8384
8386
8388
8390
8392
8394
8395
8396
8397
8399
8402
8404
8405
8406
8407
8408
8410
8411
8412
8413
8414
8415
8416
8418
8419
8420
8421
8422
8424
8425
8426
8428
8430
8431
8432
8433
8434
8436
8437
8438
8440
8441
8442
8443
8446
8448
8449
8450
8451
8452
8453
8454
8455
8456
8458
8459
8460
8462
8463
8465
8467
8468
8469
8470
8471
8473
8476
8478
8479
8480
8481
8482
8483
8484
8486
8488
8489
8491
8492
8493
8496
8497
8501
8502
8505
8506
8508
8509
8510
8511
8513
8515
8516
8517
8518
8519
8520
8521
8522
8523
8524
8525
8526
8528
8529
8530
8532
8533
8535
8538
8539
8540
8541
8542
8543
8546
8549
8550
8552
8553
8554
8557
8558
8559
8563
8564
8565
8567
8569
8570
8571
8575
8576
8577
8578
8579
8580
8581
8582
8583
8584
8586
8587
8588
8590
8592
8594
8595
8596
8597
8598
8599
8600
8602
8603
8604
8605
8608
8610
8611
8612
8613
8614
8615
8617
8619
8620
8621
8622
8623
8624
8626
8627
8628
8629
8630
8632
8633
8634
8636
8637
8638
8639
8641
8642
8644
8645
8646
8647
8648
8649
8651
8653
8654
8655
8657
8658
8660
8661
8665
8667
8668
8669
8670
8672
8674
8676
8677
8678
8680
8681
8682
8684
8685
8686
8687
8688
8690
8693
8695
8696
8697
8698
8700
8703
8706
8707
8708
8709
8711
8712
8713
8714
8715
8716
8717
8718
8719
8720
8721
8722
8723
8724
8725
8726
8727
8729
8730
8731
8732
8733
8734
8735
8736
8738
8739
8740
8741
8742
8744
8745
8746
8747
8748
8750
8751
8752
8753
8756
8758
8759
8760
8761
8763
8764
8765
8766
8767
8769
8770
8771
8772
8773
8774
8775
8777
8778
8779
8782
8783
8785
8790
8791
8793
8794
8795
8796
8797
8798
8799
8801
8802
8803
8804
8805
8807
8808
8810
8812
8814
8815
8816
8817
8818
8820
8821
8822
8823
8825
8826
8828
8829
8830
8831
8832
8833
8834
8836
8838
8840
8841
8842
8846
8847
8852
8853
8854
8855
8856
8857
8858
8860
8862
8864
8865
8866
8869
8871
8872
8873
8874
8875
8876
8877
8881
8882
8883
8885
8887
8889
8890
8891
8893
8894
8895
8897
8899
8900
8905
8906
8908
8910
8911
8912
8915
8917
8920
8921
8924
8925
8926
8927
8929
8930
8931
8935
8937
8939
8941
8942
8943
8944
8946
8948
8949
8950
8951
8952
8953
8955
8956
8957
8958
8959
8960
8961
8964
8966
8967
8968
8970
8971
8972
8973
8974
8975
8980
8981
8982
8983
8984
8985
8986
8987
8988
8990
8991
8992
8994
8995
8996
8997
8998
9000
9004
9005
9006
9007
9008
9009
9010
9011
9012
9015
9016
9017
9019
9020
9021
9022
9023
9024
9025
9026
9027
9028
9029
9031
9033
9034
9035
9036
9037
9038
9039
9040
9041
9043
9045
9046
9050
9053
9054
9055
9056
9057
9058
9059
9063
9065
9066
9067
9068
9069
9073
9075
9076
9077
9081
9083
9084
9086
9088
9089
9090
9093
9094
9095
9096
9097
9099
9100
9101
9102
9104
9106
9107
9108
9109
9110
9111
9114
9115
9117
9118
9119
9120
9121
9122
9123
9124
9125
9126
9127
9128
9129
9130
9131
9132
9133
9134
9135
9136
9140
9141
9142
9143
9144
9146
9148
9149
9150
9151
9153
9154
9156
9157
9158
9159
9160
9162
9163
9164
9166
9167
9168
9169
9170
9171
9173
9174
9175
9176
9177
9181
9182
9183
9184
9185
9186
9187
9188
9189
9190
9193
9194
9195
9196
9199
9200
9201
9203
9204
9205
9206
9207
9208
9209
9211
9213
9217
9219
9220
9221
9222
9223
9224
9225
9227
9228
9229
9230
9231
9232
9233
9235
9237
9239
9244
9245
9246
9247
9249
9252
9254
9256
9257
9260
9261
9262
9263
9264
9266
9267
9269
9270
9271
9272
9273
9274
9275
9278
9279
9281
9282
9283
9285
9286
9287
9288
9292
9293
9294
9296
9298
9299
9300
9301
9302
9303
9305
9307
9309
9312
9313
9314
9315
9317
9318
9320
9321
9322
9323
9325
9328
9331
9332
9333
9335
9336
9337
9338
9339
9340
9341
9342
9344
9345
9346
9347
9348
9349
9350
9352
9353
9355
9356
9359
9361
9362
9363
9364
9365
9366
9367
9368
9371
9372
9373
9374
9378
9379
9380
9381
9382
9383
9385
9386
9389
9390
9391
9392
9393
9395
9399
9400
9401
9404
9405
9406
9407
9408
9409
9411
9412
9413
9415
9416
9417
9418
9420
9421
9424
9426
9427
9428
9431
9433
9434
9435
9437
9438
9440
9441
9442
9443
9444
9450
9451
9453
9455
9456
9457
9458
9459
9460
9461
9462
9463
9464
9465
9466
9467
9468
9469
9471
9472
9473
9474
9476
9477
9478
9479
9481
9482
9483
9484
9485
9486
9487
9488
9493
9494
9495
9496
9498
9499
9500
9502
9503
9504
9505
9507
9508
9511
9512
9513
9517
9519
9521
9522
9523
9524
9525
9526
9527
9528
9529
9530
9533
9534
9535
9538
9539
9540
9542
9543
9544
9545
9547
9548
9549
9550
9551
9552
9553
9555
9557
9558
9559
9561
9562
9563
9565
9566
9567
9569
9570
9571
9573
9574
9576
9577
9578
9579
9580
9581
9583
9584
9586
9589
9591
9592
9595
9596
9598
9599
9601
9603
9604
9606
9608
9609
9610
9611
9613
9614
9615
9616
9617
9618
9619
9620
9621
9622
9623
9624
9627
9630
9632
9634
9635
9637
9638
9639
9640
9641
9643
9644
9645
9646
9647
9648
9649
9650
9651
9652
9653
9654
9658
9659
9660
9661
9662
9663
9664
9665
9669
9670
9672
9674
9675
9676
9678
9681
9683
9686
9687
9689
9690
9691
9692
9695
9696
9698
9699
9701
9702
9703
9704
9705
9706
9708
9709
9710
9711
9713
9715
9716
9717
9718
9719
9720
9721
9722
9723
9724
9726
9727
9728
9729
9730
9731
9732
9733
9734
9736
9738
9739
9740
9741
9742
9744
9745
9746
9749
9751
9754
9756
9757
9758
9759
9760
9761
9762
9763
9764
9766
9767
9768
9769
9771
9772
9776
9777
9779
9780
9781
9782
9784
9785
9787
9788
9789
9791
9792
9793
9794
9796
9797
9799
9800
9803
9804
9805
9807
9811
9814
9815
9816
9817
9819
9822
9824
9825
9826
9827
9829
9831
9832
9833
9834
9836
9837
9838
9839
9840
9841
9843
9844
9847
9848
9849
9851
9852
9853
9854
9855
9856
9857
9858
9859
9860
9862
9864
9866
9867
9868
9870
9872
9873
9874
9876
9877
9879
9880
9883
9884
9885
9886
9887
9889
9890
9891
9895
9897
9898
9901
9903
9904
9905
9906
9907
9908
9911
9912
9914
9915
9916
9917
9918
9919
9921
9922
9923
9924
9926
9932
9933
9934
9935
9936
9937
9941
9942
9943
9944
9945
9946
9948
9949
9950
9952
9953
9954
9955
9956
9958
9959
9960
9961
9962
9965
9966
9967
9968
9969
9970
9972
9973
9974
9975
9976
9980
9981
9982
9983
9984
9985
9986
9988
9991
9992
9993
9994
9995
9996
9997
9998
9999
10001
10002
10005
10006
10007
10008
10009
10010
10011
10014
10015
10016
10019
10020
10021
10022
10023
10024
10026
10028
10029
10030
10031
10034
10036
10039
10041
10042
10043
10044
10045
10046
10047
10048
10049
10050
10051
10052
10053
10054
10055
10056
10057
10058
10059
10060
10061
10064
10065
10066
10067
10069
10070
10071
10072
10073
10074
10075
10076
10079
10080
10081
10082
10086
10087
10089
10091
10092
10093
10094
10096
10097
10098
10099
10100
10101
10103
10104
10105
10106
10107
10108
10109
10112
10114
10115
10116
10117
10120
10122
10123
10124
10125
10126
10128
10132
10136
10138
10139
10141
10142
10143
10144
10146
10147
10150
10151
10152
10153
10154
10156
10157
10158
10159
10160
10162
10163
10164
10165
10167
10168
10171
10172
10174
10176
10177
10178
10179
10180
10182
10183
10184
10186
10187
10188
10189
10191
10192
10193
10196
10198
10200
10202
10204
10207
10211
10212
10213
10214
10216
10217
10218
10220
10221
10222
10223
10224
10225
10227
10228
10229
10230
10232
10234
10235
10236
10237
10239
10241
10242
10243
10244
10247
10248
10249
10250
10251
10252
10253
10254
10255
10256
10258
10259
10260
10261
10262
10263
10264
10265
10266
10267
10268
10269
10271
10272
10275
10279
10280
10282
10284
10286
10287
10288
10289
10290
10291
10294
10295
10297
10298
10299
10300
10303
10304
10305
10306
10307
10309
10310
10311
10312
10314
10316
10317
10318
10319
10320
10321
10322
10323
10324
10325
10326
10327
10329
10330
10331
10332
10333
10334
10335
10337
10338
10339
10340
10341
10342
10346
10347
10348
10349
10350
10351
10353
10355
10357
10358
10359
10360
10362
10364
10365
10366
10370
10371
10372
10373
10375
10376
10379
10380
10381
10382
10383
10384
10386
10387
10388
10392
10393
10394
10395
10396
10397
10399
10401
10402
10403
10404
10405
10406
10407
10408
10409
10410
10413
10414
10415
10417
10419
10421
10425
10426
10427
10428
10429
10430
10433
10435
10439
10441
10442
10444
10446
10447
10448
10449
10450
10451
10452
10453
10454
10455
10456
10457
10458
10459
10460
10461
10462
10465
10466
10468
10469
10474
10475
10477
10478
10481
10482
10483
10484
10486
10487
10488
10489
10491
10492
10494
10495
10496
10499
10500
10501
10503
10505
10506
10507
10508
10512
10513
10514
10515
10517
10518
10520
10521
10523
10525
10528
10529
10530
10531
10532
10533
10534
10535
10536
10539
10540
10542
10543
10545
10546
10548
10550
10552
10555
10559
10560
10561
10562
10563
10564
10566
10567
10568
10569
10570
10571
10572
10576
10577
10578
10579
10582
10583
10584
10585
10586
10587
10589
10590
10591
10593
10594
10595
10596
10598
10599
10600
10602
10604
10606
10608
10609
10611
10613
10614
10615
10616
10617
10618
10620
10621
10622
10623
10624
10625
10627
10630
10631
10632
10633
10634
10636
10637
10638
10639
10640
10645
10646
10647
10648
10652
10653
10654
10655
10656
10657
10658
10659
10660
10661
10662
10663
10664
10665
10667
10669
10670
10673
10674
10675
10679
10683
10685
10687
10688
10691
10692
10693
10694
10695
10699
10700
10701
10702
10704
10705
10706
10708
10709
10710
10711
10712
10715
10716
10718
10719
10722
10723
10724
10725
10726
10727
10729
10731
10733
10734
10736
10737
10738
10739
10740
10741
10742
10746
10747
10748
10749
10751
10752
10756
10757
10758
10760
10762
10763
10765
10767
10768
10769
10770
10771
10772
10773
10774
10775
10776
10778
10780
10781
10782
10783
10785
10786
10787
10788
10789
10790
10791
10792
10793
10794
10796
10798
10799
10800
10801
10802
10803
10804
10807
10808
10809
10810
10811
10813
10817
10822
10823
10824
10825
10826
10827
10828
10830
10831
10834
10835
10836
10838
10839
10840
10842
10843
10844
10846
10847
10849
10851
10853
10854
10855
10856
10857
10859
10861
10862
10864
10866
10868
10869
10872
10873
10874
10875
10878
10879
10880
10881
10882
10884
10885
10889
10890
10892
10893
10894
10895
10896
10897
10898
10899
10900
10901
10902
10903
10905
10906
10908
10909
10910
10912
10914
10917
10918
10919
10920
10923
10924
10927
10928
10929
10930
10931
10932
10933
10934
10936
10940
10944
10945
10947
10948
10949
10950
10951
10953
10956
10957
10958
10959
10960
10961
10962
10963
10964
10965
10967
10968
10969
10971
10973
10974
10975
10977
10978
10979
10980
10981
10983
10984
10989
10991
10992
10993
10995
10996
10997
11000
11001
11002
11003
11004
11005
11008
11009
11011
11012
11014
11016
11018
11019
11020
11022
11024
11026
11027
11029
11031
11032
11033
11034
11035
11037
11039
11041
11042
11043
11044
11045
11046
11048
11050
11051
11054
11055
11056
11057
11058
11060
11063
11065
11066
11068
11070
11071
11072
11076
11078
11079
11080
11081
11082
11083
11084
11086
11088
11089
11090
11091
11092
11094
11096
11098
11099
11100
11102
11104
11106
11108
11109
11110
11112
11114
11115
11116
11117
11119
11120
11122
11123
11124
11125
11126
11127
11129
11131
11133
11136
11137
11138
11142
11143
11145
11146
11147
11149
11150
11151
11152
11153
11154
11156
11157
11159
11160
11161
11162
11164
11165
11166
11167
11168
11169
11170
11171
11172
11173
11174
11175
11176
11177
11180
11182
11183
11186
11187
11188
11190
11192
11194
11195
11196
11197
11198
11199
11200
11201
11202
11203
11204
11205
11206
11207
11208
11211
11212
11213
11214
11215
11216
11218
11223
11224
11225
11228
11229
11233
11234
11235
11236
11238
11239
11240
11241
11245
11247
11248
11249
11251
11252
11254
11255
11257
11259
11261
11264
11265
11266
11267
11268
11269
11270
11271
11272
11273
11274
11275
11276
11277
11279
11280
11281
11282
11283
11284
11286
11287
11289
11293
11295
11296
11297
11298
11299
11300
11301
11303
11305
11307
11309
11310
11314
11315
11316
11317
11318
11320
11321
11322
11323
11325
11326
11329
11331
11332
11335
11336
11337
11338
11339
11340
11341
11342
11343
11344
11346
11347
11353
11354
11355
11356
11357
11358
11360
11365
11366
11368
11369
11370
11371
11372
11373
11376
11377
11379
11381
11382
11383
11386
11387
11388
11391
11393
11394
11395
11396
11398
11400
11403
11404
11405
11407
11408
11409
11410
11413
11415
11416
11417
11419
11420
11421
11423
11425
11426
11427
11429
11430
11431
11432
11433
11434
11435
11436
11437
11438
11443
11444
11445
11446
11447
11448
11450
11451
11452
11453
11455
11456
11459
11461
11462
11463
11464
11466
11468
11469
11470
11471
11472
11473
11475
11476
11477
11478
11479
11481
11483
11485
11486
11488
11489
11490
11491
11492
11493
11495
11497
11498
11501
11502
11503
11507
11508
11509
11512
11514
11515
11516
11518
11519
11520
11521
11522
11523
11524
11525
11526
11527
11529
11530
11531
11532
11533
11535
11536
11538
11539
11540
11541
11542
11545
11547
11548
11549
11551
11552
11553
11555
11556
11557
11558
11560
11563
11565
11568
11569
11570
11571
11572
11573
11574
11575
11577
11578
11579
11580
11582
11583
11584
11585
11586
11588
11590
11594
11595
11597
11598
11599
11600
11601
11603
11604
11605
11606
11607
11608
11609
11610
11611
11612
11613
11614
11616
11618
11619
11620
11621
11622
11625
11626
11627
11628
11629
11630
11633
11634
11635
11637
11638
11639
11640
11644
11646
11647
11648
11649
11650
11651
11652
11653
11654
11656
11659
11661
11662
11663
11664
11665
11666
11669
11670
11671
11672
11673
11674
11676
11677
11678
11679
11680
11681
11682
11686
11691
11692
11693
11694
11696
11697
11698
11700
11701
11703
11704
11705
11706
11710
11711
11713
11714
11715
11716
11718
11721
11722
11723
11724
11725
11726
11728
11730
11731
11733
11734
11737
11738
11739
11740
11741
11742
11744
11746
11749
11750
11751
11752
11754
11755
11756
11758
11760
11761
11762
11763
11764
11766
11767
11768
11769
11771
11772
11773
11774
11775
11776
11783
11787
11788
11790
11792
11795
11801
11802
11805
11807
11808
11810
11812
11813
11815
11816
11818
11819
11820
11821
11823
11824
11825
11827
11828
11830
11831
11832
11834
11835
11836
11838
11840
11841
11842
11844
11847
11849
11850
11851
11852
11853
11854
11855
11857
11858
11859
11860
11862
11863
11865
11866
11868
11869
11870
11872
11873
11874
11876
11877
11878
11880
11881
11882
11883
11885
11886
11887
11888
11891
11892
11893
11894
11897
11898
11899
11900
11901
11902
11903
11904
11907
11908
11909
11911
11912
11913
11914
11915
11917
11918
11919
11920
11921
11922
11923
11928
11930
11933
11934
11935
11936
11939
11941
11942
11943
11944
11947
11952
11953
11954
11955
11956
11957
11958
11959
11960
11962
11963
11964
11965
11966
11967
11969
11970
11971
11973
11977
11978
11983
11985
11986
11987
11988
11989
11990
11993
11994
11995
11996
11997
11998
12000
12001
12003
12004
12006
12008
12009
12011
12012
12014
12015
12017
12018
12019
12021
12022
12023
12024
12027
12028
12030
12033
12034
12035
12037
12039
12040
12041
12043
12046
12047
12049
12051
12052
12055
12056
12058
12060
12061
12063
12064
12065
12066
12067
12068
12069
12070
12071
12074
12077
12078
12079
12081
12083
12084
12085
12086
12088
12089
12091
12092
12093
12094
12095
12096
12097
12098
12100
12101
12102
12103
12105
12107
12108
12109
12110
12111
12112
12113
12114
12117
12119
12120
12121
12122
12123
12125
12127
12128
12129
12131
12133
12135
12136
12137
12138
12139
12140
12141
12143
12144
12145
12147
12148
12149
12151
12152
12156
12157
12158
12160
12161
12163
12166
12167
12168
12169
12172
12176
12177
12184
12185
12186
12190
12191
12192
12193
12194
12195
12198
12199
12201
12202
12203
12204
12205
12206
12209
12211
12212
12214
12215
12216
12217
12218
12220
12221
12222
12223
12224
12225
12226
12227
12228
12229
12230
12232
12233
12234
12236
12237
12238
12240
12241
12243
12247
12248
12249
12250
12251
12252
12253
12255
12256
12257
12258
12262
12263
12264
12265
12266
12267
12269
12271
12272
12274
12275
12276
12277
12278
12279
12280
12281
12284
12287
12288
12290
12292
12294
12296
12298
12299
12302
12303
12304
12305
12306
12307
12308
12309
12311
12312
12313
12314
12316
12317
12318
12320
12321
12322
12323
12324
12325
12327
12329
12333
12334
12335
12337
12338
12340
12342
12343
12345
12346
12347
12348
12352
12353
12354
12355
12356
12357
12358
12361
12362
12363
12364
12365
12366
12367
12369
12370
12374
12375
12376
12377
12378
12379
12380
12381
12382
12383
12385
12386
12388
12390
12391
12392
12393
12396
12399
12400
12401
12402
12404
12408
12409
12410
12411
12413
12418
12419
12420
12421
12423
12424
12425
12426
12429
12430
12431
12432
12433
12434
12436
12437
12439
12442
12443
12444
12445
12446
12448
12449
12450
12452
12454
12458
12459
12460
12461
12462
12464
12466
12467
12468
12469
12471
12472
12474
12475
12477
12478
12479
12480
12481
12482
12483
12484
12485
12486
12487
12488
12489
12490
12491
12492
12493
12494
12496
12497
12498
12499
12501
12502
12503
12505
12506
12507
12508
12509
12510
12511
12514
12515
12516
12517
12519
12520
12521
12522
12523
12529
12530
12531
12532
12534
12535
12536
12538
12539
12540
12541
12542
12544
12546
12547
12548
12551
12552
12553
12554
12555
12556
12557
12558
12560
12561
12562
12563
12565
12567
12568
12569
12570
12573
12575
12576
12577
12579
12582
12583
12584
12585
12586
12587
12588
12589
12590
12591
12593
12595
12597
12598
12599
12600
12601
12602
12603
12604
12605
12606
12607
12608
12609
12611
12614
12615
12616
12617
12618
12619
12621
12622
12624
12625
12629
12630
12631
12632
12633
12634
12635
12637
12639
12640
12641
12643
12644
12645
12646
12647
12648
12650
12653
12654
12655
12656
12657
12659
12660
12663
12665
12666
12669
12670
12671
12673
12675
12676
12679
12680
12681
12682
12683
12685
12687
12688
12690
12691
12693
12694
12695
12696
12698
12702
12703
12705
12709
12710
12722
12725
12726
12727
12728
12729
12732
12733
12734
12735
12736
12738
12739
12740
12741
12742
12744
12745
12746
12747
12748
12750
12751
12753
12758
12759
12761
12763
12764
12766
12767
12768
12769
12770
12771
12773
12774
12775
12776
12777
12781
12785
12787
12788
12789
12790
12794
12795
12797
12801
12804
12805
12806
12807
12809
12810
12811
12812
12813
12814
12815
12817
12818
12819
12820
12821
12822
12823
12825
12828
12831
12833
12834
12836
12837
12838
12839
12841
12843
12845
12847
12848
12849
12850
12851
12852
12853
12855
12856
12857
12858
12859
12860
12861
12863
12864
12865
12866
12867
12868
12871
12872
12873
12874
12875
12876
12877
12881
12884
12886
12887
12889
12890
12893
12896
12898
12899
12900
12902
12908
12911
12913
12914
12915
12916
12917
12919
12920
12921
12923
12927
12928
12929
12930
12932
12934
12935
12937
12938
12939
12940
12941
12942
12945
12946
12947
12948
12949
12950
12951
12952
12953
12956
12957
12958
12959
12960
12961
12962
12963
12964
12965
12966
12967
12968
12971
12972
12973
12975
12977
12978
12979
12981
12982
12984
12985
12987
12988
12990
12993
12995
12998
12999
13000
13002
13004
13007
13009
13010
13014
13015
13017
13018
13019
13020
13021
13023
13024
13026
13027
13029
13030
13031
13032
13033
13034
13035
13036
13037
13039
13040
13041
13043
13047
13048
13050
13054
13056
13057
13058
13060
13062
13064
13065
13069
13070
13072
13073
13074
13075
13076
13077
13078
13079
13080
13082
13084
13085
13086
13087
13088
13089
13090
13091
13093
13094
13095
13096
13098
13100
13102
13103
13104
13105
13106
13107
13108
13109
13110
13111
13112
13115
13116
13118
13119
13121
13122
13125
13127
13128
13129
13130
13134
13137
13139
13140
13143
13144
13146
13147
13148
13149
13151
13153
13154
13155
13157
13159
13160
13161
13163
13164
13166
13167
13168
13170
13171
13172
13173
13174
13176
13178
13179
13180
13182
13184
13185
13186
13187
13188
13189
13191
13192
13193
13194
13195
13200
13201
13202
13203
13204
13205
13206
13207
13208
13209
13211
13212
13213
13214
13217
13218
13219
13223
13224
13225
13226
13227
13228
13230
13231
13232
13233
13234
13235
13236
13237
13238
13239
13240
13241
13242
13246
13247
13248
13249
13250
13251
13254
13255
13256
13258
13259
13261
13262
13264
13265
13266
13267
13268
13269
13271
13275
13276
13278
13280
13281
13282
13283
13286
13288
13289
13291
13293
13294
13295
13296
13297
13298
13299
13301
13302
13304
13305
13307
13308
13309
13312
13313
13314
13315
13316
13317
13320
13321
13322
13323
13324
13325
13328
13330
13332
13333
13334
13335
13336
13338
13339
13341
13344
13345
13346
13350
13352
13353
13355
13358
13361
13362
13363
13365
13366
13367
13368
13369
13371
13372
13373
13378
13379
13380
13381
13382
13383
13385
13389
13390
13391
13393
13394
13396
13398
13399
13400
13403
13404
13405
13407
13408
13410
13411
13412
13413
13414
13415
13416
13417
13418
13419
13420
13421
13422
13423
13424
13426
13427
13428
13429
13430
13433
13434
13435
13436
13437
13438
13439
13440
13445
13446
13447
13449
13450
13452
13454
13455
13457
13458
13459
13460
13461
13462
13463
13465
13467
13468
13469
13470
13471
13472
13473
13475
13476
13478
13480
13481
13482
13483
13484
13487
13488
13489
13490
13491
13493
13495
13496
13497
13498
13499
13500
13504
13508
13509
13511
13512
13514
13515
13516
13518
13521
13523
13524
13525
13527
13528
13531
13533
13534
13535
13536
13539
13542
13543
13544
13546
13547
13548
13550
13551
13552
13553
13554
13555
13556
13557
13558
13560
13561
13563
13564
13565
13567
13568
13569
13570
13571
13572
13573
13574
13578
13580
13581
13582
13583
13584
13586
13587
13588
13589
13590
13592
13593
13596
13597
13598
13599
13600
13601
13602
13603
13604
13606
13607
13608
13609
13610
13612
13613
13614
13615
13617
13618
13619
13620
13623
13624
13625
13626
13627
13628
13630
13631
13632
13633
13634
13635
13638
13639
13640
13641
13642
13644
13645
13646
13648
13649
13651
13652
13653
13655
13657
13658
13659
13660
13661
13662
13663
13664
13665
13666
13668
13669
13671
13672
13673
13674
13675
13677
13678
13679
13680
13681
13682
13683
13684
13685
13686
13688
13689
13690
13691
13692
13693
13694
13695
13696
13697
13698
13699
13700
13701
13702
13703
13706
13707
13708
13709
13710
13711
13712
13714
13715
13716
13718
13721
13723
13724
13725
13726
13727
13728
13731
13732
13733
13736
13738
13740
13741
13744
13745
13747
13748
13749
13750
13751
13752
13753
13754
13761
13762
13763
13764
13765
13766
13767
13768
13769
13773
13774
13775
13776
13777
13778
13781
13782
13784
13785
13787
13788
13791
13792
13793
13794
13795
13796
13797
13798
13799
13800
13801
13802
13804
13805
13808
13809
13810
13811
13813
13814
13816
13817
13818
13820
13821
13822
13824
13825
13827
13828
13829
13830
13831
13832
13833
13834
13836
13838
13839
13841
13843
13844
13847
13848
13849
13850
13851
13852
13853
13856
13859
13860
13862
13863
13866
13867
13868
13869
13870
13871
13873
13875
13876
13878
13879
13882
13886
13888
13889
13890
13892
13893
13894
13895
13896
13897
13900
13901
13902
13904
13905
13907
13909
13910
13911
13913
13914
13916
13919
13920
13922
13923
13925
13926
13927
13928
13930
13931
13932
13933
13934
13935
13937
13939
13940
13942
13943
13945
13947
13948
13949
13950
13951
13952
13953
13955
13956
13959
13960
13961
13962
13963
13964
13965
13966
13967
13969
13971
13972
13974
13975
13976
13977
13978
13979
13980
13982
13983
13984
13985
13986
13988
13989
13990
13994
13995
13996
13997
13998
13999
14001
14003
14005
14007
14009
14010
14013
14015
14016
14017
14018
14019
14020
14021
14022
14023
14024
14026
14027
14029
14030
14032
14034
14035
14036
14037
14038
14039
14040
14041
14042
14043
14044
14045
14046
14047
14048
14050
14051
14053
14054
14055
14056
14059
14061
14063
14065
14066
14067
14068
14069
14070
14071
14073
14074
14075
14076
14079
14080
14081
14082
14083
14086
14087
14088
14089
14090
14091
14092
14094
14095
14096
14098
14100
14101
14103
14104
14105
14106
14107
14108
14110
14111
14112
14113
14114
14118
14119
14120
14122
14123
14126
14127
14128
14130
14131
14132
14135
14136
14138
14140
14141
14142
14144
14145
14146
14148
14149
14150
14151
14152
14153
14154
14155
14158
14159
14160
14161
14162
14165
14167
14168
14170
14172
14175
14176
14177
14179
14182
14183
14186
14187
14188
14192
14194
14195
14197
14198
14199
14200
14201
14203
14204
14205
14206
14207
14208
14210
14214
14215
14216
14218
14219
14220
14221
14224
14225
14226
14227
14228
14229
14230
14233
14234
14236
14237
14238
14239
14240
14242
14243
14244
14245
14250
14251
14252
14254
14255
14256
14258
14259
14260
14261
14262
14263
14265
14266
14267
14268
14269
14271
14272
14274
14275
14276
14277
14278
14280
14281
14282
14283
14286
14287
14288
14290
14291
14296
14298
14299
14300
14302
14303
14304
14307
14309
14310
14311
14312
14313
14314
14316
14318
14319
14320
14321
14322
14323
14324
14325
14327
14328
14329
14331
14332
14333
14335
14337
14339
14340
14341
14342
14343
14347
14348
14350
14352
14354
14355
14364
14365
14366
14368
14370
14371
14373
14376
14377
14378
14380
14381
14382
14383
14384
14386
14388
14389
14391
14392
14393
14395
14396
14397
14399
14400
14401
14403
14404
14405
14408
14409
14411
14412
14413
14415
14416
14417
14418
14419
14420
14423
14425
14427
14428
14429
14430
14434
14436
14437
14439
14440
14442
14443
14444
14445
14446
14447
14448
14450
14451
14452
14453
14455
14456
14458
14459
14461
14463
14466
14467
14468
14469
14471
14473
14475
14476
14477
14478
14479
14480
14482
14483
14484
14485
14488
14489
14490
14491
14493
14494
14495
14496
14497
14499
14500
14501
14502
14503
14505
14506
14508
14509
14510
14512
14513
14514
14517
14518
14522
14523
14526
14527
14528
14530
14531
14532
14533
14536
14538
14539
14540
14541
14545
14546
14547
14548
14550
14551
14553
14554
14556
14559
14560
14562
14563
14564
14567
14568
14569
14570
14571
14572
14573
14574
14575
14577
14582
14583
14584
14586
14587
14590
14593
14596
14597
14598
14599
14600
14601
14602
14603
14604
14605
14606
14608
14609
14610
14611
14612
14613
14614
14616
14617
14618
14620
14621
14622
14623
14624
14625
14627
14628
14629
14630
14632
14633
14634
14636
14637
14638
14640
14641
14642
14643
14644
14647
14648
14649
14651
14652
14653
14654
14656
14657
14658
14659
14660
14661
14662
14666
14667
14669
14670
14673
14674
14675
14676
14677
14678
14680
14681
14685
14686
14687
14689
14691
14692
14693
14694
14695
14697
14698
14700
14701
14702
14706
14708
14710
14711
14713
14717
14719
14720
14721
14722
14723
14724
14726
14727
14730
14731
14733
14735
14736
14737
14738
14739
14740
14741
14742
14744
14745
14747
14748
14749
14750
14751
14752
14753
14755
14756
14758
14759
14761
14762
14763
14764
14765
14766
14770
14771
14772
14773
14774
14775
14777
14779
14780
14781
14782
14783
14784
14785
14786
14787
14789
14790
14791
14792
14793
14794
14796
14797
14798
14799
14800
14803
14807
14808
14812
14813
14814
14815
14816
14817
14823
14824
14826
14827
14828
14829
14830
14831
14834
14835
14837
14838
14839
14840
14842
14843
14844
14845
14846
14847
14848
14851
14853
14854
14857
14858
14859
14860
14861
14863
14866
14868
14870
14871
14873
14874
14876
14877
14880
14881
14882
14883
14884
14885
14886
14887
14889
14890
14891
14892
14893
14894
14895
14896
14897
14898
14899
14900
14901
14904
14906
14907
14909
14910
14912
14914
14916
14917
14919
14920
14922
14923
14924
14925
14926
14927
14929
14930
14932
14934
14935
14936
14937
14938
14939
14940
14941
14942
14945
14948
14949
14950
14951
14952
14954
14956
14957
14959
14960
14961
14962
14963
14964
14965
14967
14969
14972
14973
14974
14975
14977
14978
14979
14981
14982
14984
14985
14988
14989
14990
14995
14996
14997
14998
14999
